
340.71	485.86
341.08	485.86
341.45	485.86
341.82	418.07
342.19	481.34
342.56	463.26
342.94	390.95
343.31	402.25
343.68	436.15
344.05	472.30
344.42	497.16
344.79	472.30
345.16	467.78
345.53	574.00
345.90	580.78
346.27	485.86
346.65	564.96
347.02	607.89
347.39	508.46
347.76	630.49
348.13	646.31
348.50	664.39
348.87	714.11
349.24	677.95
349.61	666.65
349.98	750.26
350.35	743.48
350.72	745.74
351.09	720.88
351.46	752.52
351.84	777.38
352.21	822.58
352.58	775.12
352.95	842.92
353.32	858.73
353.69	809.02
354.06	870.03
354.43	833.88
354.80	842.92
355.17	906.19
355.54	860.99
355.91	847.44
356.28	917.49
356.65	829.36
357.02	806.76
357.39	908.45
357.76	867.77
358.13	937.83
358.50	838.40
358.87	818.06
359.24	883.59
359.61	908.45
359.98	847.44
360.35	931.05
360.72	885.85
361.09	829.36
361.46	881.33
361.83	820.32
362.20	870.03
362.57	885.85
362.94	840.66
363.31	1107.32
363.68	818.06
364.05	863.25
364.42	831.62
364.79	860.99
365.15	840.66
365.52	856.47
365.89	883.59
366.26	768.34
366.63	829.36
367.00	851.96
367.37	876.81
367.74	799.98
368.11	874.55
368.48	818.06
368.85	910.71
369.22	849.70
369.59	766.08
369.96	842.92
370.32	845.18
370.69	799.98
371.06	851.96
371.43	813.54
371.80	804.50
372.17	865.51
372.54	829.36
372.91	766.08
373.28	865.51
373.64	822.58
374.01	831.62
374.38	775.12
374.75	802.24
375.12	860.99
375.49	822.58
375.86	836.14
376.23	872.29
376.59	838.40
376.96	860.99
377.33	888.11
377.70	784.16
378.07	750.26
378.44	851.96
378.81	813.54
379.17	736.70
379.54	892.63
379.91	885.85
380.28	890.37
380.65	851.96
381.01	867.77
381.38	870.03
381.75	820.32
382.12	784.16
382.49	854.21
382.86	883.59
383.22	845.18
383.59	831.62
383.96	829.36
384.33	822.58
384.70	919.75
385.06	831.62
385.43	876.81
385.80	922.01
386.17	885.85
386.53	874.55
386.90	888.11
387.27	829.36
387.64	838.40
388.01	809.02
388.37	865.51
388.74	858.73
389.11	831.62
389.48	818.06
389.84	836.14
390.21	824.84
390.58	879.07
390.95	892.63
391.31	885.85
391.68	849.70
392.05	870.03
392.42	881.33
392.78	964.95
393.15	949.13
393.52	870.03
393.88	885.85
394.25	926.53
394.62	962.69
394.99	872.29
395.35	960.43
395.72	912.97
396.09	933.31
396.45	971.73
396.82	933.31
397.19	992.06
397.55	998.84
397.92	1053.08
398.29	1118.61
398.66	1098.28
399.02	1062.12
399.39	1066.64
399.76	1082.46
400.12	1046.30
400.49	1134.43
400.86	1071.16
401.22	1111.84
401.59	1134.43
401.95	1044.04
402.32	1073.42
402.69	1035.00
403.05	989.80
403.42	1046.30
403.79	1010.14
404.15	1068.90
404.52	1032.74
404.89	1046.30
405.25	971.73
405.62	1091.50
405.98	1012.40
406.35	980.77
406.72	1032.74
407.08	985.28
407.45	1086.98
407.82	1111.84
408.18	1053.08
408.55	1041.78
408.91	1044.04
409.28	1035.00
409.65	1120.87
410.01	1039.52
410.38	1037.26
410.74	1071.16
411.11	1138.95
411.47	1089.24
411.84	1168.33
412.21	1154.77
412.57	1147.99
412.94	1206.75
413.30	1132.17
413.67	1172.85
414.03	1256.46
414.40	1206.75
414.76	1152.51
415.13	1186.41
415.50	1116.35
415.86	1154.77
416.23	1127.65
416.59	1102.80
416.96	1100.54
417.32	1035.00
417.69	1039.52
418.05	1044.04
418.42	1096.02
418.78	1086.98
419.15	1138.95
419.51	1035.00
419.88	1030.48
420.24	1080.20
420.61	1046.30
420.97	1136.69
421.34	1170.59
421.70	1141.21
422.07	1166.07
422.43	1136.69
422.80	1204.49
423.16	1247.42
423.53	1315.22
423.89	1331.04
424.26	1421.43
424.62	1416.91
424.99	1473.41
425.35	1633.86
425.71	1602.22
426.08	1543.46
426.44	1624.82
426.81	1706.17
427.17	1697.13
427.54	1755.89
427.90	1694.87
428.27	1900.52
428.63	1708.43
428.99	1733.29
429.36	1744.59
429.72	1755.89
430.09	1697.13
430.45	1746.85
430.82	1889.22
431.18	1810.12
431.54	1814.64
431.91	1866.62
432.27	1943.45
432.64	1993.17
433.00	1981.87
433.36	1972.83
433.73	2194.29
434.09	2323.10
434.45	2673.38
434.82	2869.98
435.18	2928.74
435.55	3190.88
435.91	3337.77
436.27	3437.20
436.64	3762.61
437.00	3866.56
437.36	4011.19
437.73	4099.33
438.09	4253.00
438.45	4176.16
438.82	4169.38
439.18	4196.50
439.54	4117.41
439.91	4178.42
440.27	4076.73
440.63	4024.75
441.00	3882.38
441.36	3819.11
441.72	3717.42
442.09	3396.52
442.45	3407.82
442.81	3062.07
443.18	2944.56
443.54	2693.71
443.90	2481.29
444.27	2327.62
444.63	2171.69
444.99	2219.15
445.35	2180.73
445.72	2006.73
446.08	2015.77
446.44	1905.03
446.81	1764.93
447.17	1742.33
447.53	1731.03
447.89	1660.97
448.26	1586.40
448.62	1514.08
448.98	1439.51
449.34	1437.25
449.71	1403.35
450.07	1383.01
450.43	1322.00
450.79	1351.38
451.16	1380.75
451.52	1270.02
451.88	1254.20
452.24	1303.92
452.60	1346.86
452.97	1276.80
453.33	1288.10
453.69	1360.42
454.05	1306.18
454.42	1306.18
454.78	1414.65
455.14	1376.24
455.50	1477.93
455.86	1392.05
456.23	1428.21
456.59	1358.16
456.95	1383.01
457.31	1373.98
457.67	1484.71
458.03	1346.86
458.40	1455.33
458.76	1416.91
459.12	1353.64
459.48	1441.77
459.84	1439.51
460.20	1403.35
460.57	1453.07
460.93	1441.77
461.29	1392.05
461.65	1412.39
462.01	1398.83
462.37	1369.46
462.73	1385.27
463.10	1351.38
463.46	1385.27
463.82	1367.20
464.18	1353.64
464.54	1335.56
464.90	1306.18
465.26	1331.04
465.62	1383.01
465.98	1285.84
466.35	1312.96
466.71	1324.26
467.07	1380.75
467.43	1290.36
467.79	1324.26
468.15	1331.04
468.51	1312.96
468.87	1353.64
469.23	1326.52
469.59	1333.30
469.95	1385.27
470.31	1419.17
470.68	1394.31
471.04	1396.57
471.40	1346.86
471.76	1410.13
472.12	1446.29
472.48	1471.15
472.84	1401.09
473.20	1437.25
473.56	1428.21
473.92	1498.27
474.28	1468.89
474.64	1475.67
475.00	1559.28
475.36	1493.75
475.72	1482.45
476.08	1430.47
476.44	1486.97
476.80	1468.89
477.16	1532.16
477.52	1572.84
477.88	1581.88
478.24	1498.27
478.60	1516.34
478.96	1489.23
479.32	1502.79
479.68	1557.02
480.04	1536.68
480.40	1577.36
480.76	1482.45
481.12	1559.28
481.48	1649.67
481.84	1502.79
482.20	1647.41
482.56	1651.93
482.92	1559.28
483.28	1703.91
483.64	1658.71
484.00	1663.23
484.36	1674.53
484.71	1871.14
485.07	1776.22
485.43	1850.80
485.79	1805.60
486.15	2020.29
486.51	2117.46
486.87	2115.20
487.23	2250.79
487.59	2325.36
487.95	2257.57
488.31	2422.54
488.67	2449.65
489.02	2567.16
489.38	2691.45
489.74	2738.91
490.10	2732.13
490.46	2788.63
490.82	2940.04
491.18	2940.04
491.54	3095.96
491.89	3095.96
492.25	3179.58
492.61	3152.46
492.97	3075.63
493.33	3132.12
493.69	3175.06
494.05	3215.73
494.40	3294.83
494.76	3441.72
495.12	3317.43
495.48	3297.09
495.84	3247.37
496.20	3247.37
496.55	3217.99
496.91	3335.51
497.27	3152.46
497.63	3213.47
497.99	3141.16
498.35	3066.59
498.70	3141.16
499.06	3039.47
499.42	3093.70
499.78	2989.75
500.14	2942.30
500.49	2899.36
500.85	2851.90
501.21	2811.23
501.57	2729.87
501.92	2711.79
502.28	2592.02
502.64	2485.81
503.00	2569.42
503.35	2440.61
503.71	2483.55
504.07	2438.35
504.43	2449.65
504.79	2460.95
505.14	2422.54
505.50	2368.30
505.86	2393.16
506.21	2302.76
506.57	2316.32
506.93	2320.84
507.29	2201.07
507.64	2198.81
508.00	2110.68
508.36	2221.41
508.72	2153.62
509.07	2158.14
509.43	2094.86
509.79	2149.10
510.14	2135.54
510.50	2058.70
510.86	2112.94
511.21	2121.98
511.57	2045.14
511.93	2124.24
512.28	2036.10
512.64	2140.06
513.00	2031.58
513.35	2049.66
513.71	2088.08
514.07	2198.81
514.42	2108.42
514.78	2133.28
515.14	2178.47
515.49	2214.63
515.85	2241.75
516.21	2216.89
516.56	2160.40
516.92	2194.29
517.28	2230.45
517.63	2273.39
517.99	2155.88
518.34	2203.33
518.70	2246.27
519.06	2338.92
519.41	2221.41
519.77	2153.62
520.12	2257.57
520.48	2228.19
520.84	2298.24
521.19	2133.28
521.55	2212.37
521.90	2257.57
522.26	2266.61
522.62	2187.51
522.97	2268.87
523.33	2295.98
523.68	2275.65
524.04	2329.88
524.39	2155.88
524.75	2176.21
525.11	2277.91
525.46	2257.57
525.82	2173.95
526.17	2187.51
526.53	2198.81
526.88	2155.88
527.24	2160.40
527.59	2228.19
527.95	2112.94
528.30	2207.85
528.66	2049.66
529.01	2056.44
529.37	2074.52
529.72	2108.42
530.08	2115.20
530.43	2198.81
530.79	2092.60
531.14	2072.26
531.50	2083.56
531.85	2155.88
532.21	2149.10
532.56	2099.38
532.92	2214.63
533.27	2230.45
533.63	2300.50
533.98	2345.70
534.34	2341.18
534.69	2440.61
535.05	2544.57
535.40	2752.47
535.76	2894.84
536.11	3134.38
536.46	3392.00
536.82	3651.88
537.17	4171.64
537.53	4723.04
537.88	5071.05
538.24	5669.91
538.59	6266.50
538.94	6953.49
539.30	7606.58
539.65	8336.50
540.01	9098.07
540.36	9789.57
540.72	10365.83
541.07	11109.31
541.42	11651.67
541.78	12304.76
542.13	12533.00
542.48	12982.71
542.84	13502.47
543.19	13674.22
543.55	14094.54
543.90	14327.31
544.25	14539.73
544.61	14458.38
544.96	14673.06
545.31	15064.01
545.67	15183.78
546.02	15158.92
546.37	15574.73
546.73	15421.06
547.08	15534.05
547.44	15540.83
547.79	15500.16
548.14	15719.36
548.49	15753.26
548.85	15764.56
549.20	15502.42
549.55	15488.86
549.91	15174.74
550.26	15289.99
550.61	15154.40
550.97	14801.87
551.32	14535.21
551.67	14015.45
552.03	14254.99
552.38	13972.51
552.73	13488.91
553.08	13323.94
553.44	13079.88
553.79	12320.58
554.14	12067.48
554.49	11522.86
554.85	10783.90
555.20	10426.84
555.55	9753.42
555.91	9437.04
556.26	8813.33
556.61	8341.02
556.96	7850.64
557.31	7525.23
557.67	7156.87
558.02	6652.93
558.37	6395.31
558.72	5988.54
559.08	5511.72
559.43	5382.91
559.78	5242.80
560.13	5188.56
560.48	5184.04
560.84	4826.99
561.19	4639.43
561.54	4806.65
561.89	4350.17
562.24	4160.34
562.60	4081.25
562.95	3934.36
563.30	3975.04
563.65	3821.37
564.00	3622.50
564.35	3579.57
564.71	3525.33
565.06	3403.30
565.41	3407.82
565.76	3211.22
566.11	3208.96
566.46	3202.18
566.82	3095.96
567.17	3111.78
567.52	3102.74
567.87	3025.91
568.22	3114.04
568.57	2969.41
568.92	2946.82
569.27	2967.15
569.63	2942.30
569.98	2942.30
570.33	2942.30
570.68	3071.11
571.03	3025.91
571.38	3132.12
571.73	3080.14
572.08	3105.00
572.43	3132.12
572.78	3346.80
573.13	3401.04
573.49	3455.28
573.84	3353.58
574.19	3590.87
574.54	3794.25
574.89	3859.79
575.24	4097.07
575.59	4144.52
575.94	4253.00
576.29	4537.73
576.64	4621.35
576.99	4763.72
577.34	5034.90
577.69	5204.38
578.04	5430.37
578.39	5735.44
578.74	5938.83
579.09	6200.97
579.44	6388.53
579.79	6655.19
580.14	6933.15
580.49	7351.22
580.84	7550.08
581.19	7730.87
581.54	8101.48
581.89	8386.22
582.24	8851.74
582.59	9192.98
582.94	9405.40
583.29	9859.63
583.64	10300.29
583.99	10591.81
584.34	10937.57
584.69	11253.94
585.04	11516.08
585.39	11864.09
585.74	12062.96
586.09	12151.09
586.44	12740.91
586.79	12745.43
587.13	13095.70
587.48	13161.24
587.83	13292.31
588.18	13681.00
588.53	14094.54
588.88	13823.37
589.23	13920.54
589.58	13954.44
589.93	14250.47
590.28	14042.57
590.63	13918.28
590.97	13967.99
591.32	13866.30
591.67	13669.70
592.02	13660.66
592.37	13477.61
592.72	13296.83
593.07	13391.74
593.42	13055.02
593.76	13012.09
594.11	12982.71
594.46	12833.56
594.81	12449.39
595.16	12347.70
595.51	12189.51
595.86	12266.34
596.20	11916.07
596.55	11638.11
596.90	11513.82
597.25	11206.48
597.60	11238.12
597.95	10761.30
598.29	10822.31
598.64	10569.21
598.99	10338.71
599.34	10074.31
599.69	10026.86
600.03	9583.93
600.38	9382.80
600.73	9244.95
601.08	9095.81
601.42	8702.60
601.77	8530.85
602.12	8413.34
602.47	8381.70
602.82	8361.36
603.16	8304.87
603.51	8372.66
603.86	8842.71
604.21	9111.62
604.55	9728.56
604.90	10605.37
605.25	11746.58
605.60	13032.43
605.94	14329.57
606.29	15798.45
606.64	17287.68
606.98	18575.78
607.33	20044.67
607.68	21457.06
608.03	22539.52
608.37	23380.18
608.72	24076.20
609.07	25242.27
609.41	25402.72
609.76	26546.19
610.11	27289.68
610.45	27380.07
610.80	27529.22
611.15	28213.95
611.49	28342.76
611.84	28354.06
612.19	29004.89
612.53	29115.62
612.88	29793.57
613.23	29969.83
613.57	30261.35
613.92	30503.15
614.27	30446.66
614.61	30467.00
614.96	30731.40
615.31	30862.47
615.65	31133.64
616.00	30880.54
616.34	31266.97
616.69	30995.80
617.04	30975.46
617.38	30808.23
617.73	30636.48
618.07	30528.01
618.42	30521.23
618.77	30349.48
619.11	29908.82
619.46	29542.73
619.80	29696.39
620.15	28726.93
620.50	28299.82
620.84	27456.91
621.19	27036.58
621.53	26186.88
621.88	25678.42
622.22	24397.10
622.57	23601.64
622.91	22116.93
623.26	21278.54
623.61	19165.60
623.95	17637.95
624.30	16625.55
624.64	16153.25
624.99	15448.18
625.33	14910.34
625.68	14404.14
626.02	14108.10
626.37	13958.96
626.71	13504.73
627.06	13317.16
627.40	12892.32
627.75	12842.60
628.09	12499.11
628.44	11970.31
628.78	11961.27
629.13	11561.28
629.47	11581.62
629.82	11296.88
630.16	11111.57
630.51	10720.62
630.85	10736.44
631.19	10275.44
631.54	9977.14
631.88	9644.94
632.23	9694.66
632.57	9561.33
632.92	9265.29
633.26	8750.05
633.61	8499.21
633.95	8383.96
634.29	8200.91
634.64	7893.58
634.98	7904.88
635.33	7733.13
635.67	7428.05
636.01	7333.14
636.36	7315.06
636.70	7141.06
637.05	7122.98
637.39	6759.14
637.73	6720.73
638.08	6587.40
638.42	6420.17
638.77	6372.71
639.11	6214.53
639.45	5882.33
639.80	5959.17
640.14	5755.78
640.48	5604.37
640.83	5676.69
641.17	5373.87
641.51	5195.34
641.86	5184.04
642.20	4872.19
642.54	4797.61
642.89	4788.57
643.23	4553.55
643.57	4336.61
643.92	4237.18
644.26	4130.96
644.60	4158.08
644.95	4024.75
645.29	4176.16
645.63	4210.06
645.97	4169.38
646.32	4221.36
646.66	4293.67
647.00	4219.10
647.35	4153.56
647.69	4171.64
648.03	4309.49
648.37	4246.22
648.72	4205.54
649.06	4047.35
649.40	4176.16
649.74	4234.92
650.09	4320.79
650.43	4178.42
650.77	4460.90
651.11	4291.41
651.46	4433.78
651.80	4295.93
652.14	4361.47
652.48	4438.30
652.82	4467.68
653.17	4262.03
653.51	4375.03
653.85	4250.74
654.19	4311.75
654.53	4216.84
654.88	4214.58
655.22	4219.10
655.56	4140.00
655.90	4196.50
656.24	4083.51
656.59	4162.60
656.93	4169.38
657.27	4196.50
657.61	4280.11
657.95	4189.72
658.29	4332.09
658.63	4221.36
658.98	4248.48
659.32	4291.41
659.66	4243.96
660.00	4194.24
660.34	4180.68
660.68	4169.38
661.02	4160.34
661.36	4273.33
661.71	4417.96
662.05	4359.21
662.39	4427.00
662.73	4467.68
663.07	4664.28
663.41	4759.20
663.75	4560.33
664.09	4854.11
664.43	4736.60
664.77	4797.61
665.11	4906.09
665.46	4917.38
665.80	4817.95
666.14	4826.99
666.48	4822.47
666.82	4723.04
667.16	4899.31
667.50	4759.20
667.84	4677.84
668.18	4793.09
668.52	4612.31
668.86	4481.24
669.20	4612.31
669.54	4727.56
669.88	4817.95
670.22	4662.02
670.56	4906.09
670.90	4980.66
671.24	5086.87
671.58	4944.50
671.92	5071.05
672.26	5019.08
672.60	5030.38
672.94	5080.09
673.28	5098.17
673.62	4908.35
673.96	5050.71
674.30	4987.44
674.64	4910.61
674.98	4987.44
675.32	4804.39
675.66	4849.59
676.00	4881.23
676.34	4842.81
676.68	4607.79
677.01	4544.51
677.35	4614.57
677.69	4573.89
678.03	4449.60
678.37	4393.10
678.71	4388.59
679.05	4363.73
679.39	4176.16
679.73	4056.39
680.07	3780.69
680.41	3669.96
680.74	3699.34
681.08	3780.69
681.42	3767.13
681.76	3886.90
682.10	3753.57
682.44	3891.42
682.78	3966.00
683.12	3923.06
683.45	4029.27
683.79	4173.90
684.13	4115.15
684.47	4078.99
684.81	4065.43
685.15	4036.05
685.49	4085.77
685.82	3914.02
686.16	3970.52
686.50	3886.90
686.84	3839.45
687.18	3830.41
687.51	3956.96
687.85	3719.68
688.19	3807.81
688.53	3730.98
688.87	3988.60
689.20	4015.71
689.54	4445.08
689.88	5206.64
690.22	6422.43
690.56	8069.84
690.89	9868.67
691.23	11531.90
691.57	13118.30
691.91	14664.02
692.24	16297.88
692.58	17821.00
692.92	19208.53
693.26	20137.32
693.59	21163.29
693.93	21359.89
694.27	22424.27
694.60	22575.68
694.94	22783.58
695.28	23346.28
695.62	23579.04
695.95	23958.69
696.29	23908.98
696.63	23992.59
696.96	24092.02
697.30	24252.47
697.64	24236.65
697.97	24186.93
698.31	24469.41
698.65	24166.60
698.99	23963.21
699.32	24397.10
699.66	24548.51
699.99	25011.77
700.33	25728.14
700.67	27194.77
701.00	28772.12
701.34	30369.82
701.68	31495.22
702.01	33223.99
702.35	34249.95
702.69	35357.26
703.02	35915.44
703.36	37013.72
703.69	37662.29
704.03	37967.36
704.37	37899.57
704.70	38229.50
705.04	38123.29
705.37	37994.48
705.71	37763.98
706.05	37217.10
706.38	36647.62
706.72	35974.20
707.05	35379.86
707.39	34656.72
707.73	33397.99
708.06	32157.35
708.40	30487.33
708.73	28306.60
709.07	26392.53
709.40	24645.68
709.74	24094.28
710.07	23784.69
710.41	23870.56
710.74	23637.80
711.08	23508.99
711.41	23651.36
711.75	23685.25
712.08	23454.75
712.42	23005.04
712.76	22591.50
713.09	22492.06
713.43	21915.81
713.76	21929.37
714.09	21366.67
714.43	20627.71
714.76	20408.50
715.10	20196.08
715.43	19599.48
715.77	18892.16
716.10	18526.07
716.44	17714.79
716.77	16851.53
717.11	16300.14
717.44	15502.42
717.78	14395.10
718.11	13188.35
718.44	11857.32
718.78	10110.47
719.11	8200.91
719.45	6372.71
719.78	5477.82
720.12	5249.58
720.45	5043.94
720.78	5089.13
721.12	5272.18
721.45	5595.33
721.79	5656.35
722.12	6103.79
722.45	6307.18
722.79	6596.44
723.12	6876.66
723.45	6958.01
723.79	7502.63
724.12	7599.80
724.46	7398.68
724.79	7667.60
725.12	7703.75
725.46	7739.91
725.79	7624.66
726.12	7369.30
726.46	7545.56
726.79	7464.21
727.12	7240.49
727.46	7283.42
727.79	7183.99
728.12	7276.64
728.45	7468.73
728.79	7419.01
729.12	7269.87
729.45	7382.86
729.79	7358.00
730.12	7441.61
730.45	7606.58
730.79	7762.51
731.12	8246.11
731.45	8750.05
731.78	9651.72
732.12	11421.17
732.45	14058.39
732.78	16978.08
733.11	19737.33
733.45	22198.29
733.78	24894.26
734.11	27402.67
734.44	29786.79
734.78	32157.35
735.11	34073.68
735.44	35438.62
735.77	36819.37
736.10	37682.62
736.44	37908.61
736.77	38328.94
737.10	39178.63
737.43	39587.66
737.76	39443.03
738.10	39653.19
738.43	39768.45
738.76	39440.77
739.09	39205.75
739.42	38844.18
739.75	37924.43
740.09	37989.96
740.42	37153.83
740.75	37608.05
741.08	37976.40
741.41	37456.64
741.74	37463.42
742.08	37524.44
742.41	38017.08
742.74	38324.42
743.07	38995.58
743.40	41833.93
743.73	45332.14
744.06	51318.42
744.39	57998.48
744.72	63620.93
745.06	65535.00
745.39	65535.00
745.72	65535.00
746.05	65535.00
746.38	65535.00
746.71	65535.00
747.04	65535.00
747.37	65535.00
747.70	65535.00
748.03	65535.00
748.36	65535.00
748.69	65535.00
749.02	65535.00
749.35	65535.00
749.68	65535.00
750.02	65535.00
750.35	65535.00
750.68	65535.00
751.01	65535.00
751.34	65535.00
751.67	65535.00
752.00	65535.00
752.33	65535.00
752.66	65535.00
752.99	65535.00
753.32	65535.00
753.65	65535.00
753.98	65535.00
754.31	65535.00
754.64	65535.00
754.97	65535.00
755.29	65535.00
755.62	65535.00
755.95	65535.00
756.28	65535.00
756.61	65535.00
756.94	65535.00
757.27	65535.00
757.60	65535.00
757.93	65535.00
758.26	65535.00
758.59	65535.00
758.92	65535.00
759.25	65535.00
759.58	65535.00
759.91	65535.00
760.23	65535.00
760.56	65535.00
760.89	65535.00
761.22	65535.00
761.55	65535.00
761.88	65535.00
762.21	65535.00
762.54	65535.00
762.87	65535.00
763.19	65535.00
763.52	65535.00
763.85	65535.00
764.18	65535.00
764.51	65535.00
764.84	65535.00
765.16	65535.00
765.49	65535.00
765.82	65535.00
766.15	65535.00
766.48	65535.00
766.81	65535.00
767.13	65535.00
767.46	65535.00
767.79	65535.00
768.12	65535.00
768.45	65535.00
768.77	65535.00
769.10	65535.00
769.43	65535.00
769.76	65535.00
770.08	65535.00
770.41	65535.00
770.74	65535.00
771.07	65535.00
771.40	65535.00
771.72	65535.00
772.05	65535.00
772.38	65535.00
772.71	65535.00
773.03	65535.00
773.36	65535.00
773.69	65535.00
774.01	65535.00
774.34	65535.00
774.67	65535.00
775.00	65535.00
775.32	62719.25
775.65	58224.46
775.98	49056.34
776.30	40290.47
776.63	36193.40
776.96	34222.83
777.28	33321.16
777.61	32555.08
777.94	31938.14
778.26	31138.16
778.59	30622.92
778.92	30437.62
779.24	29705.43
779.57	29246.69
779.90	28060.28
780.22	27339.39
780.55	26826.41
780.88	26091.97
781.20	25556.39
781.53	24489.75
781.85	23676.21
782.18	22774.54
782.51	21662.71
782.83	20329.41
783.16	19287.63
783.48	17543.04
783.81	15800.71
784.14	13746.53
784.46	11299.14
784.79	8435.94
785.11	5706.06
785.44	4440.56
785.76	4020.23
786.09	3893.68
786.42	3891.42
786.74	3721.94
787.07	3821.37
787.39	3654.14
787.72	3780.69
788.04	4004.41
788.37	4539.99
788.69	5389.69
789.02	6754.62
789.34	8372.66
789.67	10481.08
789.99	11796.30
790.32	13617.72
790.64	15500.16
790.97	17122.71
791.29	18957.69
791.62	20465.00
791.94	21366.67
792.27	22270.60
792.59	23280.74
792.92	23461.53
793.24	24383.54
793.57	24313.48
793.89	25294.25
794.22	25947.34
794.54	27142.79
794.86	28573.26
795.19	31022.91
795.51	33314.38
795.84	36231.82
796.16	39673.53
796.49	43171.75
796.81	45632.70
797.13	48615.67
797.46	51126.34
797.78	53130.81
798.11	55015.50
798.43	56032.42
798.75	56685.52
799.08	57783.79
799.40	57923.90
799.72	57996.22
800.05	58186.04
800.37	58405.24
800.70	58274.17
801.02	58432.36
801.34	58624.45
801.67	58459.48
801.99	58154.40
802.31	57799.61
802.64	58188.30
802.96	57354.42
803.28	57447.08
803.61	57313.75
803.93	57639.16
804.25	58181.52
804.57	59209.74
804.90	60016.50
805.22	61763.35
805.54	63568.95
805.87	65528.22
806.19	65535.00
806.51	65535.00
806.83	65535.00
807.16	65535.00
807.48	65535.00
807.80	65535.00
808.13	65535.00
808.45	65535.00
808.77	65535.00
809.09	65535.00
809.42	65535.00
809.74	65535.00
810.06	65535.00
810.38	65535.00
810.70	65535.00
811.03	65535.00
811.35	65535.00
811.67	65535.00
811.99	65535.00
812.31	65535.00
812.64	65535.00
812.96	65535.00
813.28	65535.00
813.60	65535.00
813.92	65535.00
814.25	65535.00
814.57	65535.00
814.89	65535.00
815.21	65535.00
815.53	65535.00
815.85	65535.00
816.17	65535.00
816.50	65535.00
816.82	65535.00
817.14	65535.00
817.46	65535.00
817.78	65535.00
818.10	65535.00
818.42	65535.00
818.74	65535.00
819.07	65535.00
819.39	65535.00
819.71	65535.00
820.03	65535.00
820.35	65535.00
820.67	64999.42
820.99	64389.27
821.31	63596.07
821.63	62613.04
821.95	60730.61
822.27	59236.86
822.59	55865.20
822.91	51481.13
823.23	45980.71
823.56	40457.69
823.88	32647.73
824.20	25902.14
824.52	22324.84
824.84	21267.24
825.16	21097.75
825.48	20941.82
825.80	20770.08
826.12	20602.85
826.44	20770.08
826.76	20648.04
827.08	20392.68
827.40	20451.44
827.72	20460.48
828.04	20338.45
828.36	20116.99
828.68	19872.92
829.00	19678.58
829.31	19631.12
829.63	19165.60
829.95	19378.02
830.27	18944.13
830.59	18822.10
830.91	18636.80
831.23	18456.01
831.55	18392.74
831.87	18399.52
832.19	17850.38
832.51	17995.01
832.83	17509.14
833.15	17247.00
833.46	17188.25
833.78	16941.93
834.10	16944.19
834.42	17364.52
834.74	17884.28
835.06	19364.46
835.38	21626.55
835.70	24428.74
836.02	27285.16
836.33	30629.70
836.65	33956.17
836.97	38814.80
837.29	44516.34
837.61	49124.13
837.93	52597.49
838.24	55467.47
838.56	57110.36
838.88	58468.52
839.20	59731.76
839.52	60911.39
839.83	61496.69
840.15	62484.23
840.47	63336.19
840.79	63444.66
841.11	63946.34
841.42	64328.25
841.74	63977.98
842.06	64527.12
842.38	64531.64
842.70	64542.94
843.01	64305.65
843.33	64357.63
843.65	64502.26
843.97	64292.09
844.28	64319.21
844.60	64127.13
844.92	63819.79
845.23	63747.48
845.55	63776.85
845.87	63537.31
846.19	63318.11
846.50	63388.16
846.82	63135.06
847.14	63403.98
847.45	63279.69
847.77	63290.99
848.09	63229.98
848.41	63069.53
848.72	62893.26
849.04	62491.01
849.36	62251.47
849.67	61996.11
849.99	61462.79
850.31	60755.46
850.62	60068.48
850.94	59257.20
851.25	58073.05
851.57	56653.88
851.89	55044.88
852.20	53548.87
852.52	49872.14
852.84	45727.61
853.15	40814.75
853.47	36066.85
853.78	31174.32
854.10	28467.05
854.42	24708.95
854.73	20643.52
855.05	16279.80
855.36	13861.78
855.68	12899.10
855.99	12553.34
856.31	12297.98
856.63	11726.25
856.94	11701.39
857.26	11312.70
857.57	11421.17
857.89	10912.71
858.20	10924.01
858.52	10474.30
858.83	10535.32
859.15	10218.94
859.46	10164.70
859.78	9837.03
860.09	9624.61
860.41	9168.12
860.72	9382.80
861.04	9129.70
861.35	8772.65
861.67	8700.34
861.98	8524.07
862.30	8261.93
862.61	7918.44
862.93	7884.54
863.24	7389.64
863.56	7016.76
863.87	6472.15
864.19	5751.26
864.50	5039.42
864.82	4140.00
865.13	3651.88
865.44	3586.35
865.76	3480.13
866.07	3491.43
866.39	3477.87
866.70	3453.02
867.01	3385.22
867.33	3398.78
867.64	3188.62
867.96	3195.40
868.27	3274.49
868.58	3274.49
868.90	3150.20
869.21	3229.29
869.53	3095.96
869.84	3159.24
870.15	3057.55
870.47	3050.77
870.78	2955.85
871.09	2924.22
871.41	2944.56
871.72	2885.80
872.03	2919.70
872.35	2745.69
872.66	2818.00
872.97	2711.79
873.29	2711.79
873.60	2637.22
873.91	2616.88
874.22	2589.76
874.54	2488.07
874.85	2454.17
875.16	2379.60
875.48	2375.08
875.79	2241.75
876.10	2219.15
876.41	2176.21
876.73	2244.01
877.04	2076.78
877.35	2056.44
877.66	2024.81
877.98	1762.67
878.29	1767.19
878.60	1654.19
878.91	1543.46
879.23	1407.87
879.54	1281.32
879.85	1267.76
880.16	1170.59
880.47	1089.24
880.79	1181.89
881.10	1102.80
881.41	1114.10
881.72	1098.28
882.03	1075.68
882.34	1204.49
882.66	1150.25
882.97	1096.02
883.28	1150.25
883.59	1123.13
883.90	1120.87
884.21	1152.51
884.53	1082.46
884.84	1039.52
885.15	1123.13
885.46	1071.16
885.77	1023.70
886.08	1035.00
886.39	1025.96
886.70	1077.94
887.02	1035.00
887.33	1080.20
887.64	1120.87
887.95	1068.90
888.26	1080.20
888.57	1116.35
888.88	1001.10
889.19	1062.12
889.50	1102.80
889.81	983.02
890.12	955.91
890.43	1028.22
890.74	1032.74
891.05	1091.50
891.36	1089.24
891.67	1035.00
891.98	1016.92
892.29	1023.70
892.61	1041.78
892.92	1084.72
893.23	949.13
893.54	1025.96
893.85	1068.90
894.16	1055.34
894.46	1035.00
894.77	1066.64
895.08	1007.88
895.39	1012.40
895.70	1086.98
896.01	1030.48
896.32	996.58
896.63	1007.88
896.94	1005.62
897.25	1028.22
897.56	1001.10
897.87	944.61
898.18	1064.38
898.49	1048.56
898.80	1030.48
899.11	1082.46
899.42	1039.52
899.72	1016.92
900.03	1016.92
900.34	1032.74
900.65	1025.96
900.96	1003.36
901.27	1059.86
901.58	1044.04
901.89	1062.12
902.20	1068.90
902.50	1089.24
902.81	1093.76
903.12	1057.60
903.43	1118.61
903.74	1125.39
904.05	1129.91
904.35	1179.63
904.66	1251.94
904.97	1209.01
905.28	1265.50
905.59	1364.94
905.90	1509.56
906.20	1640.63
906.51	2088.08
906.82	2705.01
907.13	3737.75
907.43	5089.13
907.74	7771.55
908.05	10548.88
908.36	13168.02
908.67	15353.27
908.97	18067.32
909.28	20657.08
909.59	22629.91
909.90	24498.79
910.20	27009.46
910.51	28568.74
910.82	29761.93
911.12	30853.43
911.43	31425.16
911.74	31205.96
912.05	32184.46
912.35	32369.77
912.66	32857.89
912.97	33063.54
913.27	32697.45
913.58	33011.56
913.89	32690.67
914.19	33083.88
914.50	32656.77
914.81	32837.55
915.11	32767.50
915.42	32527.96
915.73	32383.33
916.03	32539.26
916.34	32134.75
916.65	31504.26
916.95	32003.68
917.26	31529.11
917.57	31147.20
917.87	31608.21
918.18	31578.83
918.48	31472.62
918.79	31895.21
919.10	31786.73
919.40	31314.43
919.71	31436.46
920.01	31135.90
920.32	30699.76
920.62	30846.65
920.93	30521.23
921.24	29739.33
921.54	28636.54
921.85	28245.58
922.15	27246.74
922.46	26130.39
922.76	25034.37
923.07	23766.61
923.37	22040.10
923.68	20724.88
923.98	18306.86
924.29	15748.74
924.59	12564.64
924.90	9861.89
925.20	8316.17
925.51	7839.34
925.81	7459.69
926.12	7220.15
926.42	7156.87
926.73	7039.36
927.03	6933.15
927.34	6919.59
927.64	6598.70
927.95	6616.78
928.25	6465.37
928.56	6454.07
928.86	6377.23
929.16	6316.22
929.47	6126.39
929.77	6148.99
930.08	6024.70
930.38	5812.28
930.69	5712.84
930.99	5572.73
931.29	5389.69
931.60	5245.06
931.90	5118.51
932.20	5154.67
932.51	4826.99
932.81	4494.80
933.12	4506.10
933.42	4307.23
933.72	3966.00
934.03	3552.45
934.33	3272.23
934.63	2714.05
934.94	2334.40
935.24	2029.33
935.54	1785.26
935.85	1758.15
936.15	1676.79
936.45	1694.87
936.76	1665.49
937.06	1631.60
937.36	1631.60
937.67	1604.48
937.97	1505.05
938.27	1509.56
938.57	1500.53
938.88	1489.23
939.18	1453.07
939.48	1446.29
939.78	1360.42
940.09	1412.39
940.39	1425.95
940.69	1369.46
940.99	1290.36
941.30	1245.16
941.60	1193.19
941.90	1297.14
942.20	1299.40
942.51	1279.06
942.81	1279.06
943.11	1303.92
943.41	1206.75
943.71	1299.40
944.01	1222.57
944.32	1209.01
944.62	1193.19
944.92	1175.11
945.22	1147.99
945.52	1161.55
945.83	1107.32
946.13	1111.84
946.43	1068.90
946.73	1114.10
947.03	1039.52
947.33	978.51
947.63	946.87
947.93	989.80
948.24	903.93
948.54	899.41
948.84	964.95
949.14	922.01
949.44	903.93
949.74	1016.92
950.04	919.75
950.34	881.33
950.64	933.31
950.94	876.81
951.24	908.45
951.55	888.11
951.85	867.77
952.15	879.07
952.45	924.27
952.75	804.50
953.05	906.19
953.35	874.55
953.65	860.99
953.95	847.44
954.25	973.99
954.55	890.37
954.85	964.95
955.15	922.01
955.45	906.19
955.75	922.01
956.05	931.05
956.35	881.33
956.65	942.35
956.95	901.67
957.25	924.27
957.55	879.07
957.85	865.51
958.15	924.27
958.45	851.96
958.74	876.81
959.04	919.75
959.34	899.41
959.64	883.59
959.94	915.23
960.24	910.71
960.54	987.54
960.84	1055.34
961.14	1141.21
961.44	1308.44
961.74	1538.94
962.03	1916.33
962.33	2182.99
962.63	2598.80
962.93	2879.02
963.23	3211.22
963.53	3405.56
963.83	3873.34
964.13	4036.05
964.42	4169.38
964.72	4467.68
965.02	4802.13
965.32	4702.70
965.62	4729.82
965.91	4901.57
966.21	5023.60
966.51	4935.46
966.81	5037.16
967.11	5077.83
967.40	4969.36
967.70	5062.01
968.00	4912.87
968.30	4994.22
968.60	4946.76
968.89	4998.74
969.19	4863.15
969.49	4944.50
969.79	4799.87
970.08	4867.67
970.38	4786.31
970.68	4811.17
970.98	4763.72
971.27	4677.84
971.57	4596.49
971.87	4668.80
972.16	4515.14
972.46	4397.62
972.76	4275.59
973.06	4277.85
973.35	4205.54
973.65	4164.86
973.95	4031.53
974.24	3988.60
974.54	3950.18
974.84	3871.08
975.13	3961.48
975.43	3712.90
975.73	3667.70
976.02	3645.10
976.32	3504.99
976.61	3459.80
976.91	3138.90
977.21	3043.99
977.50	2811.23
977.80	2551.35
978.10	2167.17
978.39	1755.89
978.69	1615.78
978.98	1575.10
979.28	1538.94
979.57	1577.36
979.87	1489.23
980.17	1448.55
980.46	1459.85
980.76	1360.42
981.05	1496.01
981.35	1511.82
981.64	1344.60
981.94	1484.71
982.23	1441.77
982.53	1446.29
982.83	1416.91
983.12	1392.05
983.42	1342.34
983.71	1468.89
984.01	1416.91
984.30	1389.79
984.60	1337.82
984.89	1294.88
985.19	1301.66
985.48	1349.12
985.77	1335.56
986.07	1288.10
986.36	1319.74
986.66	1322.00
986.95	1276.80
987.25	1213.53
987.54	1247.42
987.84	1301.66
988.13	1199.97
988.42	1179.63
988.72	1215.79
989.01	1132.17
989.31	1141.21
989.60	1066.64
989.89	980.77
990.19	1035.00
990.48	1035.00
990.78	906.19
991.07	890.37
991.36	928.79
991.66	845.18
991.95	863.25
992.24	872.29
992.54	820.32
992.83	917.49
993.13	874.55
993.42	840.66
993.71	845.18
994.01	860.99
994.30	894.89
994.59	903.93
994.88	867.77
995.18	838.40
995.47	906.19
995.76	820.32
996.06	856.47
996.35	831.62
996.64	802.24
996.93	847.44
997.23	804.50
997.52	829.36
997.81	910.71
998.11	874.55
998.40	820.32
998.69	944.61
998.98	854.21
999.27	840.66
999.57	865.51
999.86	899.41
1000.15	867.77
1000.44	874.55
1000.74	829.36
1001.03	793.20
1001.32	851.96
1001.61	851.96
1001.90	842.92
1002.19	867.77
1002.49	865.51
1002.78	854.21
1003.07	883.59
1003.36	793.20
1003.65	910.71
1003.94	854.21
1004.24	759.30
1004.53	906.19
1004.82	820.32
1005.11	845.18
1005.40	919.75
1005.69	912.97
1005.98	833.88
1006.27	858.73
1006.56	874.55
1006.86	885.85
1007.15	892.63
1007.44	890.37
1007.73	838.40
1008.02	831.62
1008.31	858.73
1008.60	781.90
1008.89	840.66
1009.18	865.51
1009.47	863.25
1009.76	833.88
1010.05	836.14
1010.34	931.05
1010.63	815.80
1010.92	876.81
1011.21	879.07
1011.50	863.25
1011.79	865.51
1012.08	883.59
1012.37	894.89
1012.66	863.25
1012.95	888.11
1013.24	797.72
1013.53	879.07
1013.82	824.84
1014.11	847.44
1014.40	885.85
1014.69	874.55
1014.98	858.73
1015.27	865.51
1015.56	867.77
1015.85	836.14
1016.14	842.92
1016.43	870.03
1016.72	836.14
1017.00	845.18
1017.29	833.88
1017.58	888.11
1017.87	917.49
1018.16	831.62
1018.45	883.59
1018.74	858.73
1019.03	860.99
1019.32	876.81
1019.60	836.14
1019.89	822.58
1020.18	829.36
1020.47	885.85
1020.76	874.55
1021.05	818.06
1021.33	872.29
1021.62	827.10
1021.91	858.73
1022.20	849.70
1022.49	879.07
1022.77	917.49
1023.06	838.40
1023.35	829.36
1023.64	890.37
1023.93	890.37
1024.21	890.37

