
340.71	470.04
341.08	470.04
341.45	470.04
341.82	474.56
342.19	485.86
342.56	413.55
342.94	476.82
343.31	472.30
343.68	393.21
344.05	558.18
344.42	445.19
344.79	501.68
345.16	524.28
345.53	517.50
345.90	524.28
346.27	576.26
346.65	564.96
347.02	621.45
347.39	616.93
347.76	546.88
348.13	677.95
348.50	596.59
348.87	646.31
349.24	723.14
349.61	745.74
349.98	671.17
350.35	768.34
350.72	714.11
351.09	775.12
351.46	788.68
351.84	763.82
352.21	795.46
352.58	842.92
352.95	766.08
353.32	827.10
353.69	822.58
354.06	754.78
354.43	874.55
354.80	809.02
355.17	836.14
355.54	822.58
355.91	879.07
356.28	766.08
356.65	874.55
357.02	809.02
357.39	845.18
357.76	858.73
358.13	793.20
358.50	822.58
358.87	824.84
359.24	754.78
359.61	818.06
359.98	865.51
360.35	820.32
360.72	854.21
361.09	829.36
361.46	820.32
361.83	865.51
362.20	851.96
362.57	802.24
362.94	849.70
363.31	1125.39
363.68	838.40
364.05	879.07
364.42	806.76
364.79	820.32
365.15	827.10
365.52	842.92
365.89	858.73
366.26	838.40
366.63	790.94
367.00	881.33
367.37	888.11
367.74	804.50
368.11	829.36
368.48	892.63
368.85	827.10
369.22	813.54
369.59	858.73
369.96	806.76
370.32	795.46
370.69	813.54
371.06	786.42
371.43	851.96
371.80	827.10
372.17	802.24
372.54	840.66
372.91	813.54
373.28	822.58
373.64	917.49
374.01	772.86
374.38	786.42
374.75	809.02
375.12	824.84
375.49	912.97
375.86	851.96
376.23	863.25
376.59	840.66
376.96	865.51
377.33	831.62
377.70	935.57
378.07	815.80
378.44	781.90
378.81	883.59
379.17	818.06
379.54	804.50
379.91	858.73
380.28	860.99
380.65	827.10
381.01	757.04
381.38	822.58
381.75	865.51
382.12	870.03
382.49	802.24
382.86	928.79
383.22	931.05
383.59	822.58
383.96	863.25
384.33	815.80
384.70	865.51
385.06	892.63
385.43	867.77
385.80	860.99
386.17	892.63
386.53	732.18
386.90	845.18
387.27	903.93
387.64	899.41
388.01	876.81
388.37	928.79
388.74	829.36
389.11	928.79
389.48	851.96
389.84	888.11
390.21	883.59
390.58	881.33
390.95	912.97
391.31	888.11
391.68	917.49
392.05	811.28
392.42	874.55
392.78	915.23
393.15	842.92
393.52	937.83
393.88	851.96
394.25	847.44
394.62	915.23
394.99	818.06
395.35	897.15
395.72	946.87
396.09	813.54
396.45	795.46
396.82	894.89
397.19	885.85
397.55	863.25
397.92	922.01
398.29	856.47
398.66	983.02
399.02	919.75
399.39	860.99
399.76	931.05
400.12	849.70
400.49	903.93
400.86	944.61
401.22	915.23
401.59	926.53
401.95	978.51
402.32	951.39
402.69	894.89
403.05	971.73
403.42	949.13
403.79	973.99
404.15	1053.08
404.52	1012.40
404.89	969.47
405.25	940.09
405.62	949.13
405.98	985.28
406.35	983.02
406.72	912.97
407.08	944.61
407.45	973.99
407.82	946.87
408.18	973.99
408.55	976.25
408.91	860.99
409.28	1003.36
409.65	881.33
410.01	949.13
410.38	951.39
410.74	879.07
411.11	1019.18
411.47	1012.40
411.84	994.32
412.21	1064.38
412.57	1055.34
412.94	1044.04
413.30	1157.03
413.67	1035.00
414.03	1059.86
414.40	1166.07
414.76	1084.72
415.13	1021.44
415.50	1064.38
415.86	1132.17
416.23	1091.50
416.59	1111.84
416.96	998.84
417.32	1064.38
417.69	1032.74
418.05	937.83
418.42	1048.56
418.78	1028.22
419.15	987.54
419.51	1014.66
419.88	1044.04
420.24	1019.18
420.61	1059.86
420.97	1091.50
421.34	1138.95
421.70	1242.91
422.07	1206.75
422.43	1294.88
422.80	1403.35
423.16	1353.64
423.53	1453.07
423.89	1604.48
424.26	1658.71
424.62	1794.30
424.99	1868.88
425.35	1959.27
425.71	2103.90
426.08	2099.38
426.44	2115.20
426.81	2196.55
427.17	2253.05
427.54	2205.59
427.90	2214.63
428.27	2223.67
428.63	2094.86
428.99	2094.86
429.36	2054.18
429.72	2117.46
430.09	2051.92
430.45	2036.10
430.82	1957.01
431.18	2045.14
431.54	1943.45
431.91	2002.21
432.27	1868.88
432.64	1764.93
433.00	1798.82
433.36	1742.33
433.73	1783.00
434.09	1911.81
434.45	1936.67
434.82	1914.07
435.18	1984.13
435.55	1952.49
435.91	1966.05
436.27	1929.89
436.64	1990.91
437.00	1880.18
437.36	1857.58
437.73	1828.20
438.09	1882.44
438.45	1866.62
438.82	1884.70
439.18	1828.20
439.54	1864.36
439.91	1871.14
440.27	1988.65
440.63	1984.13
441.00	2013.51
441.36	2079.04
441.72	2153.62
442.09	2216.89
442.45	2248.53
442.81	2223.67
443.18	2180.73
443.54	2282.43
443.90	2149.10
444.27	2101.64
444.63	2289.21
444.99	2079.04
445.35	2128.76
445.72	2038.36
446.08	1981.87
446.44	1886.96
446.81	1970.57
447.17	1850.80
447.53	1807.86
447.89	1728.77
448.26	1672.27
448.62	1611.26
448.98	1466.63
449.34	1444.03
449.71	1432.73
450.07	1380.75
450.43	1394.31
450.79	1489.23
451.16	1405.61
451.52	1387.53
451.88	1541.20
452.24	1380.75
452.60	1459.85
452.97	1473.41
453.33	1450.81
453.69	1464.37
454.05	1534.42
454.42	1500.53
454.78	1681.31
455.14	1670.01
455.50	1471.15
455.86	1703.91
456.23	1622.56
456.59	1685.83
456.95	1742.33
457.31	1672.27
457.67	1703.91
458.03	1749.11
458.40	1776.22
458.76	1719.73
459.12	1778.48
459.48	1758.15
459.84	1728.77
460.20	1708.43
460.57	1789.78
460.93	1830.46
461.29	1769.44
461.65	1724.25
462.01	1794.30
462.37	1654.19
462.73	1767.19
463.10	1889.22
463.46	1810.12
463.82	1697.13
464.18	1805.60
464.54	1712.95
464.90	1742.33
465.26	1708.43
465.62	1690.35
465.98	1667.75
466.35	1746.85
466.71	1731.03
467.07	1715.21
467.43	1688.09
467.79	1620.30
468.15	1805.60
468.51	1638.38
468.87	1697.13
469.23	1710.69
469.59	1674.53
469.95	1792.04
470.31	1660.97
470.68	1624.82
471.04	1685.83
471.40	1721.99
471.76	1674.53
472.12	1712.95
472.48	1618.04
472.84	1599.96
473.20	1679.05
473.56	1622.56
473.92	1593.18
474.28	1642.89
474.64	1706.17
475.00	1674.53
475.36	1712.95
475.72	1724.25
476.08	1627.08
476.44	1746.85
476.80	1690.35
477.16	1760.41
477.52	1886.96
477.88	1801.08
478.24	1834.98
478.60	2013.51
478.96	1819.16
479.32	1864.36
479.68	1966.05
480.04	1920.85
480.40	2027.07
480.76	2063.22
481.12	1934.41
481.48	1990.91
481.84	2018.03
482.20	2011.25
482.56	2006.73
482.92	2051.92
483.28	2088.08
483.64	2180.73
484.00	2223.67
484.36	2083.56
484.71	2275.65
485.07	2289.21
485.43	2359.26
485.79	2594.28
486.15	2558.12
486.51	2607.84
486.87	2711.79
487.23	2802.19
487.59	3010.09
487.95	3150.20
488.31	3265.45
488.67	3353.58
489.02	3543.41
489.38	3645.10
489.74	3715.16
490.10	3911.76
490.46	3889.16
490.82	3868.82
491.18	4065.43
491.54	4329.83
491.89	4424.74
492.25	4286.89
492.61	4515.14
492.97	4544.51
493.33	4662.02
493.69	4666.54
494.05	4689.14
494.40	4630.39
494.76	4759.20
495.12	4829.25
495.48	4765.98
495.84	4894.79
496.20	4815.69
496.55	4980.66
496.91	4930.94
497.27	4775.02
497.63	4781.80
497.99	4601.01
498.35	4675.58
498.70	4655.24
499.06	4417.96
499.42	4404.40
499.78	4219.10
500.14	4185.20
500.49	3997.64
500.85	4051.87
501.21	4056.39
501.57	3742.27
501.92	3742.27
502.28	3665.44
502.64	3570.53
503.00	3577.31
503.35	3462.06
503.71	3439.46
504.07	3443.98
504.43	3281.27
504.79	3310.65
505.14	3066.59
505.50	3025.91
505.86	2973.93
506.21	2944.56
506.57	2960.37
506.93	2892.58
507.29	2867.72
507.64	2677.90
508.00	2673.38
508.36	2709.53
508.72	2558.12
509.07	2528.75
509.43	2521.97
509.79	2447.39
510.14	2474.51
510.50	2302.76
510.86	2295.98
511.21	2309.54
511.57	2280.17
511.93	2257.57
512.28	2386.38
512.64	2207.85
513.00	2289.21
513.35	2404.46
513.71	2325.36
514.07	2302.76
514.42	2329.88
514.78	2293.72
515.14	2354.74
515.49	2418.02
515.85	2408.98
516.21	2465.47
516.56	2433.83
516.92	2481.29
517.28	2483.55
517.63	2503.89
517.99	2438.35
518.34	2506.15
518.70	2549.09
519.06	2436.09
519.41	2569.42
519.77	2517.45
520.12	2576.20
520.48	2612.36
520.84	2648.52
521.19	2601.06
521.55	2526.49
521.90	2573.94
522.26	2544.57
522.62	2695.97
522.97	2693.71
523.33	2571.68
523.68	2659.82
524.04	2614.62
524.39	2634.96
524.75	2592.02
525.11	2564.90
525.46	2580.72
525.82	2494.85
526.17	2512.93
526.53	2646.26
526.88	2465.47
527.24	2359.26
527.59	2569.42
527.95	2433.83
528.30	2535.53
528.66	2354.74
529.01	2386.38
529.37	2404.46
529.72	2338.92
530.08	2352.48
530.43	2305.02
530.79	2390.90
531.14	2345.70
531.50	2363.78
531.85	2377.34
532.21	2354.74
532.56	2427.05
532.92	2492.59
533.27	2582.98
533.63	2558.12
533.98	2695.97
534.34	2833.82
534.69	2790.89
535.05	2989.75
535.40	3301.61
535.76	3595.39
536.11	3999.89
536.46	4323.05
536.82	4876.71
537.17	5452.96
537.53	6259.72
537.88	7102.64
538.24	7834.82
538.59	8930.84
538.94	9816.69
539.30	11129.65
539.65	12444.87
540.01	13726.19
540.36	14767.97
540.72	15857.21
541.07	16998.42
541.42	18074.10
541.78	18835.66
542.13	19918.12
542.48	20790.41
542.84	21836.71
543.19	22182.47
543.55	22643.47
543.90	23118.04
544.25	23640.06
544.61	24012.93
544.96	24209.53
545.31	24645.68
545.67	25138.32
546.02	25608.37
546.37	25615.15
546.73	25990.28
547.08	26064.85
547.44	25999.32
547.79	26464.84
548.14	26220.78
548.49	26351.85
548.85	27079.51
549.20	26390.27
549.55	26345.07
549.91	26225.30
550.26	25960.90
550.61	26060.33
550.97	25348.49
551.32	24677.32
551.67	24973.35
552.03	24559.81
552.38	23748.53
552.73	23174.53
553.08	22424.27
553.44	21958.74
553.79	20916.96
554.14	20096.65
554.49	19048.09
554.85	18639.06
555.20	17179.21
555.55	16322.73
555.91	15448.18
556.26	14284.37
556.61	13457.27
556.96	12693.45
557.31	12072.00
557.67	11407.61
558.02	10756.78
558.37	9821.21
558.72	9213.32
559.08	8804.29
559.43	8383.96
559.78	8099.22
560.13	7780.59
560.48	7461.95
560.84	7287.94
561.19	6906.03
561.54	6650.67
561.89	6404.35
562.24	6316.22
562.60	5997.58
562.95	5737.70
563.30	5448.44
563.65	5373.87
564.00	5181.78
564.35	4946.76
564.71	4826.99
565.06	4648.47
565.41	4558.07
565.76	4478.98
566.11	4277.85
566.46	4304.97
566.82	4336.61
567.17	4130.96
567.52	4040.57
567.87	3909.50
568.22	3769.39
568.57	3828.15
568.92	3855.27
569.27	3728.72
569.63	3803.29
569.98	3846.23
570.33	3742.27
570.68	3877.86
571.03	4022.49
571.38	3981.82
571.73	4056.39
572.08	4072.21
572.43	4237.18
572.78	4291.41
573.13	4424.74
573.49	4469.94
573.84	4817.95
574.19	4847.33
574.54	5141.11
574.89	5342.23
575.24	5443.92
575.59	5678.95
575.94	5956.91
576.29	6347.86
576.64	6804.34
576.99	6996.43
577.34	7443.87
577.69	7724.09
578.04	8209.95
578.39	8596.38
578.74	8964.74
579.09	9513.87
579.44	9658.50
579.79	10374.87
580.14	10747.74
580.49	11321.74
580.84	11726.25
581.19	12130.75
581.54	12508.15
581.89	13529.59
582.24	13827.88
582.59	14248.21
582.94	15016.55
583.29	15929.52
583.64	16001.84
583.99	16535.16
584.34	17045.88
584.69	17685.41
585.04	18193.87
585.39	18684.25
585.74	18713.63
586.09	19007.41
586.44	19432.26
586.79	19854.85
587.13	20031.11
587.48	20503.42
587.83	20781.37
588.18	21109.05
588.53	21570.05
588.88	21504.52
589.23	21687.57
589.58	22019.76
589.93	21773.44
590.28	21963.26
590.63	21825.41
590.97	21861.57
591.32	21897.73
591.67	21436.72
592.02	21414.13
592.37	20919.22
592.72	21000.58
593.07	20695.50
593.42	20523.75
593.76	20338.45
594.11	20501.16
594.46	19983.66
594.81	20040.15
595.16	19879.70
595.51	19307.97
595.86	19039.05
596.20	18435.67
596.55	18187.09
596.90	18092.18
597.25	17744.17
597.60	17619.88
597.95	17228.93
598.29	17100.12
598.64	17271.86
598.99	16885.43
599.34	16555.50
599.69	16214.26
600.03	15857.21
600.38	15475.30
600.73	15158.92
601.08	14955.54
601.42	14763.45
601.77	14460.64
602.12	14395.10
602.47	14621.08
602.82	14453.86
603.16	14467.42
603.51	14458.38
603.86	14612.05
604.21	15238.02
604.55	15879.81
604.90	17201.81
605.25	18856.00
605.60	20867.25
605.94	23122.56
606.29	25075.05
606.64	27142.79
606.98	29377.76
607.33	31289.57
607.68	33477.09
608.03	35190.04
608.37	37006.94
608.72	38337.98
609.07	39470.15
609.41	40484.81
609.76	41531.11
610.11	42968.36
610.45	44053.08
610.80	44430.47
611.15	44482.45
611.49	45512.93
611.84	45840.60
612.19	46532.11
612.53	46489.17
612.88	47765.98
613.23	47449.60
613.57	48579.51
613.92	48997.58
614.27	48602.11
614.61	48414.55
614.96	49124.13
615.31	49176.11
615.65	49106.05
616.00	49610.00
616.34	49302.66
616.69	48972.72
617.04	49417.91
617.38	48923.01
617.73	49442.77
618.07	48588.55
618.42	48138.85
618.77	48245.06
619.11	47652.98
619.46	47610.05
619.80	46816.85
620.15	46132.12
620.50	45454.17
620.84	44450.81
621.19	43804.50
621.53	42206.80
621.88	41124.34
622.22	39323.26
622.57	37614.83
622.91	35289.47
623.26	33289.52
623.61	30410.50
623.95	28003.78
624.30	26340.55
624.64	25151.88
624.99	23931.57
625.33	23339.50
625.68	22496.58
626.02	21990.38
626.37	21472.88
626.71	21335.03
627.06	20408.50
627.40	19927.16
627.75	19624.34
628.09	19077.46
628.44	18381.44
628.78	17995.01
629.13	18085.40
629.47	17685.41
629.82	17077.52
630.16	16428.95
630.51	16501.26
630.85	16160.03
631.19	15412.02
631.54	15405.24
631.88	14743.12
632.23	14725.04
632.57	14099.06
632.92	13529.59
633.26	13543.15
633.61	12926.21
633.95	12501.37
634.29	12370.30
634.64	11959.01
634.98	11963.53
635.33	11746.58
635.67	11577.10
636.01	11407.61
636.36	11235.86
636.70	10815.53
637.05	10709.32
637.39	10591.81
637.73	10422.32
638.08	10528.54
638.42	10230.24
638.77	9809.91
639.11	9778.27
639.45	9428.00
639.80	9660.76
640.14	9274.33
640.48	9061.91
640.83	9093.55
641.17	8763.61
641.51	8542.15
641.86	8252.89
642.20	8386.22
642.54	8017.87
642.89	7615.62
643.23	7690.19
643.57	7292.46
643.92	7028.06
644.26	7098.12
644.60	6831.46
644.95	7012.24
645.29	7211.11
645.63	7195.29
645.97	7127.50
646.32	7265.35
646.66	7269.87
647.00	7382.86
647.35	7362.52
647.69	7238.23
648.03	7382.86
648.37	7416.75
648.72	7430.31
649.06	7362.52
649.40	7396.42
649.74	7376.08
650.09	7493.59
650.43	7541.04
650.77	7470.99
651.11	7464.21
651.46	7326.36
651.80	7461.95
652.14	7443.87
652.48	7292.46
652.82	7529.75
653.17	7396.42
653.51	7278.90
653.85	7276.64
654.19	7242.75
654.53	6948.97
654.88	7116.20
655.22	7030.32
655.56	7104.90
655.90	7274.38
656.24	7102.64
656.59	7152.35
656.93	7285.68
657.27	7057.44
657.61	7240.49
657.95	7222.41
658.29	7075.52
658.63	7084.56
658.98	7061.96
659.32	6869.88
659.66	7111.68
660.00	7071.00
660.34	6770.44
660.68	7068.74
661.02	7143.32
661.36	7177.21
661.71	7421.27
662.05	7358.00
662.39	7588.50
662.73	7554.60
663.07	7556.86
663.41	7913.92
663.75	7866.46
664.09	7970.41
664.43	8058.55
664.77	8115.04
665.11	7920.70
665.46	8058.55
665.80	8313.91
666.14	8164.76
666.48	8225.77
666.82	8200.91
667.16	8031.43
667.50	7961.37
667.84	7993.01
668.18	7929.74
668.52	8040.47
668.86	7882.28
669.20	7889.06
669.54	8230.29
669.88	8128.60
670.22	8273.23
670.56	8442.72
670.90	8670.96
671.24	8639.32
671.58	8664.18
671.92	8731.97
672.26	8750.05
672.60	8585.08
672.94	8609.94
673.28	8772.65
673.62	8399.78
673.96	8415.60
674.30	8517.29
674.64	8216.73
674.98	8270.97
675.32	8223.51
675.66	8144.42
676.00	7972.67
676.34	8139.90
676.68	7692.45
677.01	7832.56
677.35	7692.45
677.69	7534.27
678.03	7398.68
678.37	7116.20
678.71	7152.35
679.05	6996.43
679.39	6804.34
679.73	6449.55
680.07	6307.18
680.41	5916.23
680.74	5988.54
681.08	5920.75
681.42	5832.62
681.76	6101.53
682.10	6013.40
682.44	6085.72
682.78	6189.67
683.12	6280.06
683.45	6257.46
683.79	6282.32
684.13	6359.15
684.47	6345.60
684.81	6460.85
685.15	6320.74
685.49	6295.88
685.82	6257.46
686.16	6137.69
686.50	6200.97
686.84	6060.86
687.18	5877.81
687.51	5638.27
687.85	5536.58
688.19	5541.10
688.53	5541.10
688.87	5737.70
689.20	5974.98
689.54	6607.74
689.88	7437.09
690.22	8987.33
690.56	11229.08
690.89	13570.26
691.23	15805.23
691.57	18110.26
691.91	20290.99
692.24	22690.93
692.58	23969.99
692.92	26146.21
693.26	27845.60
693.59	29025.23
693.93	29843.28
694.27	30030.85
694.60	31052.29
694.94	31617.25
695.28	32240.96
695.62	32392.37
695.95	32577.67
696.29	33043.20
696.63	32896.31
696.96	32932.47
697.30	32805.92
697.64	33054.50
697.97	32866.93
698.31	32787.84
698.65	33092.92
698.99	32964.10
699.32	33553.92
699.66	33357.32
699.99	33522.28
700.33	34498.53
700.67	36451.02
701.00	38331.20
701.34	40563.91
701.68	42398.89
702.01	43630.49
702.35	45357.00
702.69	46721.94
703.02	47503.84
703.36	49148.99
703.69	49130.91
704.03	49790.78
704.37	49544.46
704.70	49666.49
705.04	49589.66
705.37	49804.34
705.71	49458.59
706.05	48852.95
706.38	48283.48
706.72	47185.20
707.05	46195.40
707.39	45040.62
707.73	43809.02
708.06	41809.07
708.40	40154.88
708.73	37208.06
709.07	34297.40
709.40	32087.29
709.74	31409.34
710.07	31526.85
710.41	31040.99
710.74	31235.34
711.08	31007.09
711.41	30966.42
711.75	30713.32
712.08	30586.77
712.42	30085.08
712.76	29935.94
713.09	29969.83
713.43	29183.41
713.76	28860.26
714.09	28213.95
714.43	27703.23
714.76	26964.26
715.10	26873.87
715.43	25938.30
715.77	25097.65
716.10	24150.78
716.44	23572.26
716.77	22609.58
717.11	21497.74
717.44	20304.55
717.78	19007.41
718.11	17287.68
718.44	15945.34
718.78	13717.15
719.11	11055.08
719.45	8548.93
719.78	7577.20
720.12	7188.51
720.45	7215.63
720.78	7093.60
721.12	7301.50
721.45	7789.63
721.79	8289.05
722.12	8469.83
722.45	8811.07
722.79	9321.79
723.12	9430.26
723.45	9839.29
723.79	10085.61
724.12	10381.65
724.46	10309.33
724.79	10686.72
725.12	10756.78
725.46	10652.83
725.79	10677.69
726.12	10759.04
726.46	10630.23
726.79	10456.22
727.12	10221.20
727.46	10153.41
727.79	10060.75
728.12	10128.55
728.45	10277.70
728.79	10300.29
729.12	10239.28
729.45	10352.27
729.79	10627.97
730.12	10637.01
730.45	10804.24
730.79	11059.60
731.12	11721.73
731.45	12327.36
731.78	13970.25
732.12	16322.73
732.45	19450.34
732.78	23199.39
733.11	26571.05
733.45	29418.44
733.78	32970.88
734.11	36340.29
734.44	39354.90
734.78	41876.86
735.11	44486.97
735.44	46039.47
735.77	47472.20
736.10	48199.86
736.44	49029.22
736.77	49553.50
737.10	50376.08
737.43	50674.37
737.76	50864.20
738.10	50746.69
738.43	50509.41
738.76	50694.71
739.09	50292.46
739.42	50061.96
739.75	49289.10
740.09	48785.16
740.42	49087.97
740.75	48857.47
741.08	49187.41
741.41	48954.64
741.74	48972.72
742.08	49167.07
742.41	49354.63
742.74	50127.50
743.07	51277.75
743.40	53688.98
743.73	56610.94
744.06	61182.57
744.39	65535.00
744.72	65535.00
745.06	65535.00
745.39	65535.00
745.72	65535.00
746.05	65535.00
746.38	65535.00
746.71	65535.00
747.04	65535.00
747.37	65535.00
747.70	65535.00
748.03	65535.00
748.36	65535.00
748.69	65535.00
749.02	65535.00
749.35	65535.00
749.68	65535.00
750.02	65535.00
750.35	65535.00
750.68	65535.00
751.01	65535.00
751.34	65535.00
751.67	65535.00
752.00	65535.00
752.33	65535.00
752.66	65535.00
752.99	65535.00
753.32	65535.00
753.65	65535.00
753.98	65535.00
754.31	65535.00
754.64	65535.00
754.97	65535.00
755.29	65535.00
755.62	65535.00
755.95	65535.00
756.28	65535.00
756.61	65535.00
756.94	65535.00
757.27	65535.00
757.60	65535.00
757.93	65535.00
758.26	65535.00
758.59	65535.00
758.92	65535.00
759.25	65535.00
759.58	65535.00
759.91	65535.00
760.23	65535.00
760.56	65535.00
760.89	65535.00
761.22	65535.00
761.55	65535.00
761.88	65535.00
762.21	65535.00
762.54	65535.00
762.87	65535.00
763.19	65535.00
763.52	65535.00
763.85	65535.00
764.18	65535.00
764.51	65535.00
764.84	65535.00
765.16	65535.00
765.49	65535.00
765.82	65535.00
766.15	65535.00
766.48	65535.00
766.81	65535.00
767.13	65535.00
767.46	65535.00
767.79	65535.00
768.12	65535.00
768.45	65535.00
768.77	65535.00
769.10	65535.00
769.43	65535.00
769.76	65535.00
770.08	65535.00
770.41	65535.00
770.74	65535.00
771.07	65535.00
771.40	65535.00
771.72	65535.00
772.05	65535.00
772.38	65535.00
772.71	65535.00
773.03	65535.00
773.36	65535.00
773.69	65535.00
774.01	65535.00
774.34	65535.00
774.67	65535.00
775.00	65535.00
775.32	65535.00
775.65	65535.00
775.98	65535.00
776.30	65535.00
776.63	65535.00
776.96	65535.00
777.28	65535.00
777.61	65535.00
777.94	65535.00
778.26	65535.00
778.59	65535.00
778.92	65535.00
779.24	65535.00
779.57	65535.00
779.90	65535.00
780.22	65535.00
780.55	65535.00
780.88	65535.00
781.20	65535.00
781.53	65535.00
781.85	65385.85
782.18	64633.33
782.51	64131.65
782.83	63286.47
783.16	62222.09
783.48	60927.21
783.81	59930.63
784.14	57960.06
784.46	55939.77
784.79	52473.20
785.11	47872.19
785.44	45352.48
785.76	43727.66
786.09	42322.05
786.42	41110.78
786.74	39980.87
787.07	38209.16
787.39	36367.41
787.72	34688.35
788.04	32941.51
788.37	31418.38
788.69	29535.95
789.02	28959.69
789.34	26991.38
789.67	25000.47
789.99	22616.35
790.32	22315.80
790.64	23999.37
790.97	26236.60
791.29	27791.36
791.62	29418.44
791.94	31140.42
792.27	32265.82
792.59	33630.75
792.92	33696.29
793.24	34835.24
793.57	35226.19
793.89	36446.50
794.22	37248.74
794.54	38464.53
794.86	40767.29
795.19	43341.23
795.51	46536.63
795.84	49838.24
796.16	53720.62
796.49	57153.30
796.81	58956.64
797.13	60732.87
797.46	62590.44
797.78	63555.39
798.11	64807.34
798.43	65356.47
798.75	65535.00
799.08	65535.00
799.40	65535.00
799.72	65535.00
800.05	65535.00
800.37	65535.00
800.70	65535.00
801.02	65535.00
801.34	65535.00
801.67	65535.00
801.99	65535.00
802.31	65535.00
802.64	65535.00
802.96	65535.00
803.28	65535.00
803.61	65535.00
803.93	65535.00
804.25	65535.00
804.57	65535.00
804.90	65535.00
805.22	65535.00
805.54	65535.00
805.87	65535.00
806.19	65535.00
806.51	65535.00
806.83	65535.00
807.16	65535.00
807.48	65535.00
807.80	65535.00
808.13	65535.00
808.45	65535.00
808.77	65535.00
809.09	65535.00
809.42	65535.00
809.74	65535.00
810.06	65535.00
810.38	65535.00
810.70	65535.00
811.03	65535.00
811.35	65535.00
811.67	65535.00
811.99	65535.00
812.31	65535.00
812.64	65535.00
812.96	65535.00
813.28	65535.00
813.60	65535.00
813.92	65535.00
814.25	65535.00
814.57	65535.00
814.89	65535.00
815.21	65535.00
815.53	65535.00
815.85	65535.00
816.17	65535.00
816.50	65535.00
816.82	65535.00
817.14	65535.00
817.46	65535.00
817.78	65535.00
818.10	65535.00
818.42	65535.00
818.74	65535.00
819.07	65535.00
819.39	65535.00
819.71	65535.00
820.03	65535.00
820.35	65535.00
820.67	65535.00
820.99	65535.00
821.31	65535.00
821.63	65535.00
821.95	65535.00
822.27	65535.00
822.59	65535.00
822.91	65135.01
823.23	60036.84
823.56	55087.82
823.88	45646.26
824.20	35578.73
824.52	29590.18
824.84	28383.43
825.16	27380.07
825.48	27197.02
825.80	27063.70
826.12	27106.63
826.44	26790.26
826.76	26464.84
827.08	26546.19
827.40	26320.21
827.72	26211.74
828.04	26218.52
828.36	26021.91
828.68	25712.32
829.00	25459.22
829.31	25140.58
829.63	25108.94
829.95	24828.73
830.27	24623.08
830.59	24245.69
830.91	24017.45
831.23	23748.53
831.55	23651.36
831.87	23303.34
832.19	23027.64
832.51	22709.01
832.83	22399.41
833.15	22336.14
833.46	22055.92
833.78	21920.33
834.10	21956.48
834.42	22480.76
834.74	22849.12
835.06	24625.34
835.38	27208.32
835.70	30869.24
836.02	34665.76
836.33	38835.14
836.65	43442.93
836.97	48850.69
837.29	54913.81
837.61	58778.12
837.93	61297.82
838.24	63894.37
838.56	65535.00
838.88	65535.00
839.20	65535.00
839.52	65535.00
839.83	65535.00
840.15	65535.00
840.47	65535.00
840.79	65535.00
841.11	65535.00
841.42	65535.00
841.74	65535.00
842.06	65535.00
842.38	65535.00
842.70	65535.00
843.01	65535.00
843.33	65535.00
843.65	65535.00
843.97	65535.00
844.28	65535.00
844.60	65535.00
844.92	65535.00
845.23	65535.00
845.55	65535.00
845.87	65535.00
846.19	65535.00
846.50	65535.00
846.82	65535.00
847.14	65535.00
847.45	65535.00
847.77	65535.00
848.09	65535.00
848.41	65535.00
848.72	65535.00
849.04	65535.00
849.36	65535.00
849.67	65535.00
849.99	65535.00
850.31	65535.00
850.62	65535.00
850.94	65535.00
851.25	65535.00
851.57	65535.00
851.89	65535.00
852.20	65535.00
852.52	65535.00
852.84	65535.00
853.15	65535.00
853.47	65535.00
853.78	65535.00
854.10	65535.00
854.42	65535.00
854.73	65535.00
855.05	62967.84
855.36	59535.16
855.68	56518.29
855.99	53772.60
856.31	48730.92
856.63	41994.38
856.94	33583.30
857.26	25479.56
857.57	20729.40
857.89	18749.79
858.20	17766.76
858.52	17201.81
858.83	16734.02
859.15	16085.45
859.46	15802.97
859.78	15115.99
860.09	14937.46
860.41	14603.01
860.72	14395.10
861.04	13879.86
861.35	13274.23
861.67	13357.84
861.98	13147.68
862.30	12829.04
862.61	12205.33
862.93	11780.48
863.24	11366.93
863.56	10657.35
863.87	9814.43
864.19	8842.71
864.50	7676.63
864.82	6722.99
865.13	5999.84
865.44	5866.51
865.76	5733.18
866.07	5613.41
866.39	5613.41
866.70	5751.26
867.01	5604.37
867.33	5364.83
867.64	5412.29
867.96	5312.85
868.27	5224.72
868.58	5104.95
868.90	5102.69
869.21	5125.29
869.53	5102.69
869.84	4901.57
870.15	4953.54
870.47	4772.76
870.78	4772.76
871.09	4702.70
871.41	4643.95
871.72	4659.76
872.03	4612.31
872.35	4436.04
872.66	4320.79
872.97	4280.11
873.29	4207.80
873.60	4169.38
873.91	4038.31
874.22	3970.52
874.54	3871.08
874.85	3663.18
875.16	3559.23
875.48	3665.44
875.79	3518.55
876.10	3288.05
876.41	3301.61
876.73	3193.14
877.04	3021.39
877.35	2924.22
877.66	2804.45
877.98	2585.24
878.29	2519.71
878.60	2257.57
878.91	2135.54
879.23	1862.10
879.54	1731.03
879.85	1649.67
880.16	1638.38
880.47	1651.93
880.79	1520.86
881.10	1597.70
881.41	1629.34
881.72	1658.71
882.03	1586.40
882.34	1480.19
882.66	1615.78
882.97	1518.60
883.28	1498.27
883.59	1586.40
883.90	1579.62
884.21	1554.76
884.53	1593.18
884.84	1575.10
885.15	1599.96
885.46	1563.80
885.77	1545.72
886.08	1520.86
886.39	1642.89
886.70	1685.83
887.02	1577.36
887.33	1525.38
887.64	1491.49
887.95	1536.68
888.26	1520.86
888.57	1581.88
888.88	1568.32
889.19	1604.48
889.50	1527.64
889.81	1534.42
890.12	1493.75
890.43	1480.19
890.74	1500.53
891.05	1529.90
891.36	1473.41
891.67	1547.98
891.98	1421.43
892.29	1464.37
892.61	1432.73
892.92	1477.93
893.23	1516.34
893.54	1414.65
893.85	1466.63
894.16	1434.99
894.46	1434.99
894.77	1342.34
895.08	1496.01
895.39	1430.47
895.70	1378.49
896.01	1410.13
896.32	1276.80
896.63	1274.54
896.94	1315.22
897.25	1308.44
897.56	1294.88
897.87	1274.54
898.18	1168.33
898.49	1161.55
898.80	1152.51
899.11	1193.19
899.42	1206.75
899.72	1249.68
900.03	1177.37
900.34	1150.25
900.65	1109.58
900.96	1091.50
901.27	1179.63
901.58	1118.61
901.89	1147.99
902.20	1184.15
902.50	1093.76
902.81	1107.32
903.12	1240.65
903.43	1077.94
903.74	1141.21
904.05	1242.91
904.35	1315.22
904.66	1317.48
904.97	1312.96
905.28	1376.24
905.59	1475.67
905.90	1744.59
906.20	1884.70
906.51	2406.72
906.82	3125.34
907.13	4526.43
907.43	6729.77
907.74	9821.21
908.05	13568.00
908.36	16928.37
908.67	19364.46
908.97	23038.94
909.28	26975.56
909.59	29881.70
909.90	32204.80
910.20	34719.99
910.51	36622.77
910.82	38362.83
911.12	40141.32
911.43	40600.06
911.74	40292.73
912.05	41409.08
912.35	41639.58
912.66	42247.48
912.97	42600.01
913.27	42444.08
913.58	42326.57
913.89	42613.57
914.19	42240.70
914.50	41793.25
914.81	41983.08
915.11	41739.02
915.42	41693.82
915.73	41402.30
916.03	41567.27
916.34	41481.40
916.65	41151.46
916.95	41013.61
917.26	41113.04
917.57	39996.69
917.87	40868.98
918.18	40670.12
918.48	40139.06
918.79	40803.45
919.10	40706.27
919.40	40168.44
919.71	40227.19
920.01	39782.00
920.32	39449.81
920.62	39366.20
920.93	38733.44
921.24	37560.59
921.54	36380.96
921.85	36333.51
922.15	34713.21
922.46	33409.29
922.76	31788.99
923.07	30161.92
923.37	28729.19
923.68	26315.69
923.98	23617.46
924.29	19811.91
924.59	15999.58
924.90	12747.69
925.20	10426.84
925.51	9968.10
925.81	9574.89
926.12	9263.03
926.42	9174.90
926.73	8921.80
927.03	8903.72
927.34	8634.80
927.64	8680.00
927.95	8528.59
928.25	8225.77
928.56	8228.03
928.86	8085.66
929.16	7931.99
929.47	7843.86
929.77	7757.99
930.08	7559.12
930.38	7475.51
930.69	7195.29
930.99	7152.35
931.29	6867.62
931.60	6612.26
931.90	6564.80
932.20	6329.78
932.51	6101.53
932.81	5954.65
933.12	5636.01
933.42	5513.98
933.72	4989.70
934.03	4693.66
934.33	4151.30
934.63	3615.72
934.94	3111.78
935.24	2655.30
935.54	2472.25
935.85	2300.50
936.15	2318.58
936.45	2117.46
936.76	2103.90
937.06	2171.69
937.36	2027.07
937.67	2006.73
937.97	1943.45
938.27	1853.06
938.57	1823.68
938.88	1821.42
939.18	1726.51
939.48	1579.62
939.78	1683.57
940.09	1579.62
940.39	1570.58
940.69	1575.10
940.99	1496.01
941.30	1486.97
941.60	1496.01
941.90	1378.49
942.20	1444.03
942.51	1342.34
942.81	1344.60
943.11	1489.23
943.41	1385.27
943.71	1322.00
944.01	1369.46
944.32	1292.62
944.62	1373.98
944.92	1310.70
945.22	1242.91
945.52	1274.54
945.83	1254.20
946.13	1251.94
946.43	1242.91
946.73	1102.80
947.03	1064.38
947.33	1109.58
947.63	1041.78
947.93	967.21
948.24	1016.92
948.54	946.87
948.84	953.65
949.14	969.47
949.44	942.35
949.74	944.61
950.04	969.47
950.34	931.05
950.64	953.65
950.94	908.45
951.24	962.69
951.55	872.29
951.85	888.11
952.15	870.03
952.45	928.79
952.75	879.07
953.05	912.97
953.35	944.61
953.65	946.87
953.95	901.67
954.25	928.79
954.55	865.51
954.85	885.85
955.15	919.75
955.45	831.62
955.75	804.50
956.05	910.71
956.35	928.79
956.65	899.41
956.95	908.45
957.25	892.63
957.55	940.09
957.85	976.25
958.15	872.29
958.45	899.41
958.74	910.71
959.04	940.09
959.34	946.87
959.64	931.05
959.94	903.93
960.24	926.53
960.54	973.99
960.84	1001.10
961.14	1303.92
961.44	1355.90
961.74	1812.38
962.03	2110.68
962.33	2537.79
962.63	3168.28
962.93	3559.23
963.23	3807.81
963.53	4302.71
963.83	4881.23
964.13	4917.38
964.42	5396.47
964.72	5631.49
965.02	5730.92
965.32	5968.20
965.62	6054.08
965.91	6092.50
966.21	6316.22
966.51	6282.32
966.81	6372.71
967.11	6266.50
967.40	6108.31
967.70	6198.71
968.00	6284.58
968.30	6126.39
968.60	6246.16
968.89	6210.01
969.19	6200.97
969.49	6196.45
969.79	6078.94
970.08	5904.93
970.38	6054.08
970.68	5832.62
970.98	5834.87
971.27	5645.05
971.57	5776.12
971.87	5586.29
972.16	5665.39
972.46	5477.82
972.76	5389.69
973.06	5362.57
973.35	5254.10
973.65	5052.97
973.95	5037.16
974.24	5016.82
974.54	4842.81
974.84	4804.39
975.13	4628.13
975.43	4745.64
975.73	4582.93
976.02	4610.05
976.32	4341.13
976.61	4250.74
976.91	4027.01
977.21	3875.60
977.50	3387.48
977.80	3039.47
978.10	2558.12
978.39	2135.54
978.69	1891.48
978.98	1868.88
979.28	1839.50
979.57	1699.39
979.87	1771.70
980.17	1620.30
980.46	1721.99
980.76	1665.49
981.05	1593.18
981.35	1611.26
981.64	1633.86
981.94	1597.70
982.23	1620.30
982.53	1597.70
982.83	1557.02
983.12	1590.92
983.42	1581.88
983.71	1559.28
984.01	1631.60
984.30	1543.46
984.60	1477.93
984.89	1538.94
985.19	1423.69
985.48	1489.23
985.77	1464.37
986.07	1364.94
986.36	1444.03
986.66	1412.39
986.95	1383.01
987.25	1349.12
987.54	1322.00
987.84	1315.22
988.13	1369.46
988.42	1263.24
988.72	1209.01
989.01	1351.38
989.31	1265.50
989.60	1186.41
989.89	1147.99
990.19	1057.60
990.48	994.32
990.78	1012.40
991.07	915.23
991.36	876.81
991.66	892.63
991.95	874.55
992.24	847.44
992.54	824.84
992.83	842.92
993.13	851.96
993.42	874.55
993.71	793.20
994.01	851.96
994.30	836.14
994.59	845.18
994.88	849.70
995.18	818.06
995.47	860.99
995.76	910.71
996.06	748.00
996.35	806.76
996.64	815.80
996.93	745.74
997.23	847.44
997.52	863.25
997.81	885.85
998.11	831.62
998.40	836.14
998.69	845.18
998.98	874.55
999.27	831.62
999.57	811.28
999.86	858.73
1000.15	779.64
1000.44	831.62
1000.74	865.51
1001.03	870.03
1001.32	804.50
1001.61	876.81
1001.90	793.20
1002.19	831.62
1002.49	894.89
1002.78	811.28
1003.07	840.66
1003.36	804.50
1003.65	795.46
1003.94	879.07
1004.24	885.85
1004.53	851.96
1004.82	820.32
1005.11	849.70
1005.40	833.88
1005.69	922.01
1005.98	883.59
1006.27	872.29
1006.56	933.31
1006.86	833.88
1007.15	901.67
1007.44	888.11
1007.73	838.40
1008.02	851.96
1008.31	856.47
1008.60	883.59
1008.89	892.63
1009.18	919.75
1009.47	842.92
1009.76	836.14
1010.05	831.62
1010.34	797.72
1010.63	845.18
1010.92	876.81
1011.21	860.99
1011.50	881.33
1011.79	845.18
1012.08	858.73
1012.37	874.55
1012.66	827.10
1012.95	858.73
1013.24	865.51
1013.53	858.73
1013.82	883.59
1014.11	888.11
1014.40	876.81
1014.69	863.25
1014.98	910.71
1015.27	806.76
1015.56	863.25
1015.85	833.88
1016.14	858.73
1016.43	851.96
1016.72	804.50
1017.00	851.96
1017.29	912.97
1017.58	858.73
1017.87	897.15
1018.16	874.55
1018.45	840.66
1018.74	806.76
1019.03	922.01
1019.32	840.66
1019.60	897.15
1019.89	881.33
1020.18	809.02
1020.47	797.72
1020.76	851.96
1021.05	804.50
1021.33	797.72
1021.62	777.38
1021.91	775.12
1022.20	906.19
1022.49	842.92
1022.77	818.06
1023.06	899.41
1023.35	863.25
1023.64	842.92
1023.93	842.92
1024.21	842.92

