
340.71	519.76
341.08	519.76
341.45	519.76
341.82	456.49
342.19	594.33
342.56	474.56
342.94	481.34
343.31	506.20
343.68	497.16
344.05	560.44
344.42	526.54
344.79	553.66
345.16	551.40
345.53	562.70
345.90	574.00
346.27	648.57
346.65	519.76
347.02	569.48
347.39	696.03
347.76	682.47
348.13	691.51
348.50	757.04
348.87	734.44
349.24	790.94
349.61	876.81
349.98	790.94
350.35	813.54
350.72	842.92
351.09	833.88
351.46	983.02
351.84	883.59
352.21	813.54
352.58	926.53
352.95	849.70
353.32	928.79
353.69	915.23
354.06	897.15
354.43	849.70
354.80	985.28
355.17	931.05
355.54	912.97
355.91	1039.52
356.28	856.47
356.65	933.31
357.02	998.84
357.39	917.49
357.76	978.51
358.13	967.21
358.50	910.71
358.87	899.41
359.24	960.43
359.61	964.95
359.98	946.87
360.35	1014.66
360.72	910.71
361.09	894.89
361.46	942.35
361.83	883.59
362.20	1030.48
362.57	942.35
362.94	908.45
363.31	1270.02
363.68	994.32
364.05	926.53
364.42	960.43
364.79	856.47
365.15	946.87
365.52	942.35
365.89	870.03
366.26	922.01
366.63	998.84
367.00	978.51
367.37	987.54
367.74	980.77
368.11	962.69
368.48	1012.40
368.85	996.58
369.22	1010.14
369.59	1037.26
369.96	973.99
370.32	992.06
370.69	973.99
371.06	910.71
371.43	1055.34
371.80	944.61
372.17	915.23
372.54	996.58
372.91	924.27
373.28	860.99
373.64	1023.70
374.01	953.65
374.38	933.31
374.75	978.51
375.12	1030.48
375.49	1001.10
375.86	1012.40
376.23	967.21
376.59	962.69
376.96	1014.66
377.33	903.93
377.70	978.51
378.07	980.77
378.44	983.02
378.81	992.06
379.17	915.23
379.54	888.11
379.91	971.73
380.28	935.57
380.65	910.71
381.01	996.58
381.38	949.13
381.75	942.35
382.12	1019.18
382.49	946.87
382.86	926.53
383.22	1010.14
383.59	978.51
383.96	953.65
384.33	1053.08
384.70	942.35
385.06	958.17
385.43	1066.64
385.80	1003.36
386.17	1014.66
386.53	1001.10
386.90	1003.36
387.27	1086.98
387.64	1077.94
388.01	1003.36
388.37	1077.94
388.74	1091.50
389.11	1025.96
389.48	1098.28
389.84	1005.62
390.21	1071.16
390.58	1091.50
390.95	1055.34
391.31	1073.42
391.68	1111.84
392.05	1044.04
392.42	1066.64
392.78	1105.06
393.15	1109.58
393.52	1147.99
393.88	1154.77
394.25	1068.90
394.62	1197.71
394.99	1147.99
395.35	1062.12
395.72	1177.37
396.09	1166.07
396.45	1204.49
396.82	1193.19
397.19	1163.81
397.55	1213.53
397.92	1279.06
398.29	1181.89
398.66	1220.31
399.02	1260.98
399.39	1195.45
399.76	1276.80
400.12	1299.40
400.49	1211.27
400.86	1285.84
401.22	1373.98
401.59	1340.08
401.95	1292.62
402.32	1299.40
402.69	1335.56
403.05	1353.64
403.42	1317.48
403.79	1333.30
404.15	1416.91
404.52	1353.64
404.89	1385.27
405.25	1414.65
405.62	1328.78
405.98	1362.68
406.35	1428.21
406.72	1310.70
407.08	1373.98
407.45	1387.53
407.82	1229.35
408.18	1229.35
408.55	1254.20
408.91	1260.98
409.28	1371.72
409.65	1283.58
410.01	1353.64
410.38	1373.98
410.74	1351.38
411.11	1351.38
411.47	1514.08
411.84	1412.39
412.21	1482.45
412.57	1559.28
412.94	1505.05
413.30	1543.46
413.67	1681.31
414.03	1525.38
414.40	1667.75
414.76	1676.79
415.13	1609.00
415.50	1674.53
415.86	1708.43
416.23	1694.87
416.59	1699.39
416.96	1586.40
417.32	1518.60
417.69	1516.34
418.05	1410.13
418.42	1441.77
418.78	1543.46
419.15	1502.79
419.51	1446.29
419.88	1502.79
420.24	1441.77
420.61	1613.52
420.97	1767.19
421.34	1785.26
421.70	2018.03
422.07	1970.57
422.43	2140.06
422.80	2284.69
423.16	2359.26
423.53	2533.27
423.89	2935.52
424.26	3116.30
424.62	3389.74
424.99	3681.26
425.35	4020.23
425.71	4117.41
426.08	4411.18
426.44	4578.41
426.81	4680.10
427.17	4867.67
427.54	5016.82
427.90	5075.57
428.27	5043.94
428.63	4750.16
428.99	4680.10
429.36	4659.76
429.72	4546.77
430.09	4765.98
430.45	4725.30
430.82	4625.87
431.18	4709.48
431.54	4765.98
431.91	4664.28
432.27	4589.71
432.64	4329.83
433.00	4225.88
433.36	4390.84
433.73	4585.19
434.09	4874.45
434.45	5134.33
434.82	5351.27
435.18	5746.74
435.55	5961.43
435.91	6008.88
436.27	6054.08
436.64	6327.52
437.00	6435.99
437.36	6508.30
437.73	6467.63
438.09	6395.31
438.45	6411.13
438.82	6008.88
439.18	5900.41
439.54	5814.54
439.91	5697.03
440.27	5767.08
440.63	5586.29
441.00	5468.78
441.36	5538.84
441.72	5396.47
442.09	5308.34
442.45	5109.47
442.81	4761.46
443.18	4594.23
443.54	4542.25
443.90	4286.89
444.27	4067.69
444.63	3956.96
444.99	3990.86
445.35	3789.73
445.72	3627.02
446.08	3500.47
446.44	3337.77
446.81	3231.55
447.17	3109.52
447.53	2992.01
447.89	2890.32
448.26	2693.71
448.62	2702.75
448.98	2582.98
449.34	2449.65
449.71	2422.54
450.07	2393.16
450.43	2225.93
450.79	2239.49
451.16	2234.97
451.52	2275.65
451.88	2160.40
452.24	2135.54
452.60	2119.72
452.97	2305.02
453.33	2232.71
453.69	2390.90
454.05	2492.59
454.42	2395.42
454.78	2503.89
455.14	2580.72
455.50	2517.45
455.86	2564.90
456.23	2625.92
456.59	2671.12
456.95	2845.12
457.31	2874.50
457.67	2836.08
458.03	2937.78
458.40	2842.86
458.76	2779.59
459.12	2883.54
459.48	2951.33
459.84	2815.75
460.20	2822.52
460.57	2946.82
460.93	2921.96
461.29	2987.49
461.65	2985.23
462.01	2935.52
462.37	3048.51
462.73	2969.41
463.10	2976.19
463.46	2910.66
463.82	2799.93
464.18	2761.51
464.54	2851.90
464.90	2827.04
465.26	2799.93
465.62	2928.74
465.98	2808.97
466.35	2833.82
466.71	2903.88
467.07	2736.65
467.43	2811.23
467.79	2845.12
468.15	2865.46
468.51	2797.67
468.87	2811.23
469.23	2847.38
469.59	2820.26
469.95	2793.15
470.31	2906.14
470.68	2784.11
471.04	2702.75
471.40	2709.53
471.76	2698.23
472.12	2569.42
472.48	2587.50
472.84	2519.71
473.20	2436.09
473.56	2637.22
473.92	2578.46
474.28	2666.60
474.64	2761.51
475.00	2743.43
475.36	2720.83
475.72	2869.98
476.08	2851.90
476.44	2849.64
476.80	3091.44
477.16	3005.57
477.52	3168.28
477.88	3123.08
478.24	3206.70
478.60	3267.71
478.96	3215.73
479.32	3346.80
479.68	3489.17
480.04	3471.10
480.40	3457.54
480.76	3590.87
481.12	3455.28
481.48	3507.25
481.84	3556.97
482.20	3590.87
482.56	3613.46
482.92	3755.83
483.28	3672.22
483.64	3726.46
484.00	3753.57
484.36	3721.94
484.71	3823.63
485.07	3746.79
485.43	3950.18
485.79	3954.70
486.15	4110.63
486.51	4239.44
486.87	4621.35
487.23	4648.47
487.59	4901.57
487.95	5039.42
488.31	5098.17
488.67	5272.18
489.02	5430.37
489.38	5387.43
489.74	5588.55
490.10	5970.46
490.46	5932.05
490.82	6282.32
491.18	6304.92
491.54	6347.86
491.89	6341.08
492.25	6393.05
492.61	6510.56
492.97	6467.63
493.33	6361.41
493.69	6573.84
494.05	6510.56
494.40	6646.15
494.76	6664.23
495.12	6677.79
495.48	6546.72
495.84	6756.88
496.20	6657.45
496.55	6691.35
496.91	6589.66
497.27	6492.48
497.63	6374.97
497.99	6264.24
498.35	6304.92
498.70	5920.75
499.06	5866.51
499.42	5719.62
499.78	5669.91
500.14	5615.67
500.49	5328.67
500.85	5111.73
501.21	5089.13
501.57	4908.35
501.92	4691.40
502.28	4752.42
502.64	4684.62
503.00	4677.84
503.35	4639.43
503.71	4404.40
504.07	4533.21
504.43	4578.41
504.79	4413.44
505.14	4501.58
505.50	4390.84
505.86	4356.95
506.21	4275.59
506.57	4406.66
506.93	4447.34
507.29	4219.10
507.64	4375.03
508.00	4210.06
508.36	4219.10
508.72	4097.07
509.07	4013.45
509.43	4020.23
509.79	3801.03
510.14	3843.97
510.50	3873.34
510.86	3717.42
511.21	3866.56
511.57	3895.94
511.93	3909.50
512.28	3990.86
512.64	4056.39
513.00	4060.91
513.35	4058.65
513.71	4182.94
514.07	4311.75
514.42	4467.68
514.78	4458.64
515.14	4587.45
515.49	4659.76
515.85	4838.29
516.21	4863.15
516.56	5202.12
516.92	5059.75
517.28	4994.22
517.63	5222.46
517.99	5019.08
518.34	5260.88
518.70	5328.67
519.06	5184.04
519.41	5249.58
519.77	5339.97
520.12	5389.69
520.48	5353.53
520.84	5550.14
521.19	5407.77
521.55	5527.54
521.90	5561.44
522.26	5683.47
522.62	5527.54
522.97	5633.75
523.33	5504.94
523.68	5568.22
524.04	5597.59
524.39	5651.83
524.75	5611.15
525.11	5407.77
525.46	5400.99
525.82	5328.67
526.17	5245.06
526.53	5104.95
526.88	5109.47
527.24	5012.30
527.59	4969.36
527.95	4700.44
528.30	4596.49
528.66	4623.61
529.01	4492.54
529.37	4239.44
529.72	4284.63
530.08	4311.75
530.43	4207.80
530.79	4137.74
531.14	3988.60
531.50	3880.12
531.85	3746.79
532.21	3744.53
532.56	3834.93
532.92	3918.54
533.27	3873.34
533.63	3918.54
533.98	3966.00
534.34	4031.53
534.69	4011.19
535.05	4045.09
535.40	4225.88
535.76	4429.26
536.11	4883.49
536.46	5091.39
536.82	5554.66
537.17	6036.00
537.53	6677.79
537.88	7473.25
538.24	8151.20
538.59	8991.85
538.94	10069.79
539.30	10969.20
539.65	12067.48
540.01	13021.13
540.36	14035.79
540.72	15140.84
541.07	16239.12
541.42	17032.32
541.78	17888.80
542.13	18600.64
542.48	19506.83
542.84	20453.70
543.19	21407.35
543.55	21167.80
543.90	22049.14
544.25	22390.37
544.61	23190.35
544.96	23529.32
545.31	23924.79
545.67	24675.06
546.02	24937.20
546.37	25023.07
546.73	25167.70
547.08	25678.42
547.44	25628.70
547.79	26134.91
548.14	26476.14
548.49	26412.86
548.85	26200.44
549.20	26378.97
549.55	25753.00
549.91	26049.03
550.26	26033.21
550.61	25911.18
550.97	25682.94
551.32	25642.26
551.67	25307.81
552.03	25294.25
552.38	24503.31
552.73	24318.00
553.08	23777.91
553.44	23574.52
553.79	22455.91
554.14	22157.61
554.49	21176.84
554.85	20444.66
555.20	19619.82
555.55	18984.81
555.91	18566.74
556.26	17992.75
556.61	17063.96
556.96	16358.89
557.31	15753.26
557.67	14935.20
558.02	14781.53
558.37	13983.81
558.72	13554.45
559.08	12862.94
559.43	12623.40
559.78	12729.61
560.13	12347.70
560.48	12010.98
560.84	11879.91
561.19	11830.20
561.54	11156.77
561.89	10763.56
562.24	10460.74
562.60	10322.89
562.95	10117.25
563.30	9911.60
563.65	9617.83
564.00	9656.24
564.35	9321.79
564.71	9342.13
565.06	9147.78
565.41	9023.49
565.76	8892.42
566.11	8591.86
566.46	8496.95
566.82	8365.88
567.17	8322.94
567.52	8187.36
567.87	8040.47
568.22	7979.45
568.57	7620.14
568.92	7459.69
569.27	7437.09
569.63	7113.94
569.98	7265.35
570.33	7358.00
570.68	7351.22
571.03	7202.07
571.38	7258.57
571.73	7165.91
572.08	7046.14
572.43	7122.98
572.78	6865.36
573.13	6967.05
573.49	6967.05
573.84	7005.47
574.19	7174.95
574.54	7285.68
574.89	7674.37
575.24	7796.41
575.59	7746.69
575.94	8205.43
576.29	8275.49
576.64	8637.06
576.99	8822.37
577.34	9120.66
577.69	9443.82
578.04	9787.31
578.39	9929.68
578.74	10435.88
579.09	10838.13
579.44	11192.93
579.79	11534.16
580.14	12081.04
580.49	12471.99
580.84	13093.44
581.19	13290.05
581.54	13604.16
581.89	14322.79
582.24	14711.48
582.59	15276.43
582.94	16306.92
583.29	16695.61
583.64	17265.08
583.99	17963.37
584.34	18060.54
584.69	18770.13
585.04	19359.94
585.39	20229.98
585.74	20690.98
586.09	21183.62
586.44	21825.41
586.79	22279.64
587.13	22514.66
587.48	23133.86
587.83	23814.06
588.18	24256.99
588.53	24765.45
588.88	24697.66
589.23	25334.93
589.58	25267.13
589.93	25332.67
590.28	25404.98
590.63	25427.58
590.97	26053.55
591.32	25757.51
591.67	25687.46
592.02	25163.18
592.37	24826.47
592.72	24966.58
593.07	24767.71
593.42	24864.88
593.76	24711.21
594.11	25124.76
594.46	23947.39
594.81	24134.96
595.16	23805.02
595.51	23771.13
595.86	23834.40
596.20	23334.98
596.55	23628.76
596.90	23224.25
597.25	23242.33
597.60	23913.50
597.95	23685.25
598.29	23741.75
598.64	24180.16
598.99	24406.14
599.34	24424.22
599.69	24840.02
600.03	24571.11
600.38	24528.17
600.73	24903.30
601.08	24580.14
601.42	23866.04
601.77	23687.51
602.12	23547.40
602.47	23710.11
602.82	23786.95
603.16	23857.00
603.51	23579.04
603.86	23292.04
604.21	24010.67
604.55	24873.92
604.90	25707.80
605.25	27038.84
605.60	29237.65
605.94	31138.16
606.29	33115.51
606.64	34839.76
606.98	36681.52
607.33	38220.46
607.68	40493.85
608.03	41687.04
608.37	42665.54
608.72	44301.66
609.07	45510.67
609.41	46118.56
609.76	46771.65
610.11	48269.92
610.45	48545.62
610.80	49320.74
611.15	49693.61
611.49	50141.05
611.84	50875.50
612.19	51216.73
612.53	51151.20
612.88	52003.15
613.23	51646.10
613.57	51944.40
613.92	52421.22
614.27	51596.38
614.61	51835.93
614.96	51808.81
615.31	51304.87
615.65	50909.40
616.00	50735.39
616.34	50043.88
616.69	50037.10
617.04	49320.74
617.38	49049.56
617.73	49386.27
618.07	48839.39
618.42	48595.33
618.77	47933.20
619.11	48093.65
619.46	47092.55
619.80	46966.00
620.15	45732.13
620.50	45329.88
620.84	44322.00
621.19	43325.41
621.53	41922.06
621.88	40493.85
622.22	38880.33
622.57	37892.79
622.91	35248.79
623.26	33696.29
623.61	31029.69
623.95	29192.45
624.30	27547.30
624.64	26564.27
624.99	25287.47
625.33	24779.01
625.68	24254.73
626.02	23479.61
626.37	23027.64
626.71	22514.66
627.06	21809.60
627.40	21423.17
627.75	20991.54
628.09	20410.76
628.44	20046.93
628.78	19615.30
629.13	19310.23
629.47	18749.79
629.82	18318.16
630.16	17642.47
630.51	17400.67
630.85	17030.06
631.19	16724.98
631.54	16410.87
631.88	15730.66
632.23	15658.35
632.57	15565.69
632.92	15226.72
633.26	14951.02
633.61	14636.90
633.95	14148.78
634.29	13784.95
634.64	13606.42
634.98	13470.83
635.33	13511.51
635.67	13337.50
636.01	13240.33
636.36	13418.86
636.70	13265.19
637.05	13317.16
637.39	13276.49
637.73	13129.60
638.08	13233.55
638.42	13190.61
638.77	12946.55
639.11	12544.30
639.45	12865.20
639.80	12273.12
640.14	12175.95
640.48	12108.16
640.83	11904.77
641.17	11572.58
641.51	11479.92
641.86	11186.15
642.20	10867.51
642.54	10693.50
642.89	10386.17
643.23	9913.86
643.57	9708.22
643.92	9398.62
644.26	9602.01
644.60	9502.58
644.95	9403.14
645.29	9335.35
645.63	9366.99
645.97	9249.47
646.32	9362.47
646.66	9373.76
647.00	9418.96
647.35	9493.54
647.69	9093.55
648.03	9188.46
648.37	9267.55
648.72	9111.62
649.06	9220.10
649.40	9131.96
649.74	9285.63
650.09	9717.26
650.43	9934.20
650.77	10178.26
651.11	10359.05
651.46	10729.66
651.80	10763.56
652.14	11400.83
652.48	11405.35
652.82	11782.74
653.17	11791.78
653.51	11735.28
653.85	11687.83
654.19	11364.67
654.53	11192.93
654.88	11610.99
655.22	11705.91
655.56	11782.74
655.90	11669.75
656.24	11721.73
656.59	11723.99
656.93	11965.79
657.27	11633.59
657.61	11855.06
657.95	11798.56
658.29	11913.81
658.63	11888.95
658.98	11947.71
659.32	11730.76
659.66	11879.91
660.00	11864.09
660.34	11789.52
660.68	11979.35
661.02	11798.56
661.36	11717.21
661.71	12110.42
662.05	12255.04
662.39	12042.62
662.73	12614.36
663.07	12408.71
663.41	12401.93
663.75	12679.89
664.09	12417.75
664.43	12478.77
664.77	12499.11
665.11	12379.34
665.46	12291.20
665.80	12259.56
666.14	12182.73
666.48	11979.35
666.82	11699.13
667.16	11314.96
667.50	11030.22
667.84	10865.25
668.18	10406.51
668.52	9889.01
668.86	9595.23
669.20	9455.12
669.54	10160.18
669.88	10447.18
670.22	10770.34
670.56	11427.95
670.90	11812.12
671.24	12388.37
671.58	12783.84
671.92	13253.89
672.26	13208.69
672.60	13579.30
672.94	13516.03
673.28	13371.40
673.62	13357.84
673.96	13640.32
674.30	13771.39
674.64	13626.76
674.98	13305.86
675.32	13384.96
675.66	13294.57
676.00	13086.66
676.34	13204.17
676.68	13290.05
677.01	12838.08
677.35	12734.13
677.69	12801.92
678.03	12535.26
678.37	12496.85
678.71	11861.84
679.05	11834.72
679.39	11787.26
679.73	11378.23
680.07	11186.15
680.41	10953.38
680.74	10813.28
681.08	11375.97
681.42	11647.15
681.76	11748.84
682.10	12313.80
682.44	12542.04
682.78	12829.04
683.12	13242.59
683.45	13574.78
683.79	13681.00
684.13	13671.96
684.47	13823.37
684.81	13583.82
685.15	13547.67
685.49	13497.95
685.82	13247.11
686.16	12885.54
686.50	12829.04
686.84	12587.24
687.18	12252.79
687.51	11708.17
687.85	11172.59
688.19	10691.24
688.53	10738.70
688.87	11211.00
689.20	11455.07
689.54	12178.21
689.88	13299.09
690.22	15249.32
690.56	17626.66
690.89	20480.82
691.23	22885.27
691.57	25319.11
691.91	27531.48
692.24	29886.22
692.58	32166.39
692.92	33696.29
693.26	35239.75
693.59	36625.03
693.93	37452.12
694.27	37849.85
694.60	38369.61
694.94	38369.61
695.28	39058.86
695.62	39585.40
695.95	39402.35
696.29	39892.74
696.63	39813.64
696.96	39845.28
697.30	39714.21
697.64	40787.63
697.97	40685.94
698.31	40177.47
698.65	40213.63
698.99	39463.37
699.32	39845.28
699.66	39971.83
699.99	39863.36
700.33	41757.09
700.67	43635.01
701.00	46095.96
701.34	48276.70
701.68	49580.62
702.01	52147.78
702.35	53883.33
702.69	54491.22
703.02	55725.09
703.36	56570.26
703.69	57139.74
704.03	57349.90
704.37	57702.44
704.70	57596.23
705.04	57661.76
705.37	57625.60
705.71	57501.31
706.05	56812.07
706.38	56314.90
706.72	55582.72
707.05	54669.75
707.39	54095.75
707.73	52884.49
708.06	51429.16
708.40	49399.83
708.73	47099.33
709.07	43822.58
709.40	41942.40
709.74	41088.19
710.07	41128.86
710.41	41354.84
710.74	40258.83
711.08	40704.01
711.41	40394.42
711.75	40509.67
712.08	40172.96
712.42	39323.26
712.76	38826.10
713.09	38448.71
713.43	38148.15
713.76	37438.56
714.09	36532.37
714.43	35858.94
714.76	35031.85
715.10	34823.94
715.43	33422.85
715.77	32482.76
716.10	31644.37
716.44	30460.22
716.77	29872.66
717.11	28349.54
717.44	26882.91
717.78	25716.84
718.11	23687.51
718.44	21547.46
718.78	18950.91
719.11	15662.86
719.45	12571.42
719.78	11375.97
720.12	11075.42
720.45	10820.05
720.78	11023.44
721.12	10858.47
721.45	11486.70
721.79	11703.65
722.12	12173.69
722.45	12555.60
722.79	13256.15
723.12	13423.38
723.45	13360.10
723.79	13882.12
724.12	14062.91
724.46	14300.19
724.79	14309.23
725.12	14241.43
725.46	14743.12
725.79	14598.49
726.12	14593.97
726.46	14607.53
726.79	14521.65
727.12	14352.16
727.46	14169.12
727.79	14329.57
728.12	14460.64
728.45	14438.04
728.79	14442.56
729.12	14738.60
729.45	15041.41
729.79	15077.57
730.12	15549.87
730.45	15448.18
730.79	16336.29
731.12	17443.61
731.45	18392.74
731.78	20672.90
732.12	23936.09
732.45	27999.26
732.78	32534.74
733.11	36742.54
733.45	40715.31
733.78	44837.24
734.11	48685.73
734.44	51797.51
734.78	54446.03
735.11	56384.96
735.44	57711.48
735.77	58601.85
736.10	59148.73
736.44	59806.34
736.77	60025.54
737.10	60106.89
737.43	60461.69
737.76	60667.33
738.10	60920.43
738.43	60653.77
738.76	60701.23
739.09	60536.26
739.42	59898.99
739.75	59822.16
740.09	59426.69
740.42	59611.99
740.75	59478.66
741.08	59273.02
741.41	59103.53
741.74	59236.86
742.08	59347.59
742.41	59480.92
742.74	59645.89
743.07	60068.48
743.40	61828.88
743.73	63919.22
744.06	65535.00
744.39	65535.00
744.72	65535.00
745.06	65535.00
745.39	65535.00
745.72	65535.00
746.05	65535.00
746.38	65535.00
746.71	65535.00
747.04	65535.00
747.37	65535.00
747.70	65535.00
748.03	65535.00
748.36	65535.00
748.69	65535.00
749.02	65535.00
749.35	65535.00
749.68	65535.00
750.02	65535.00
750.35	65535.00
750.68	65535.00
751.01	65535.00
751.34	65535.00
751.67	65535.00
752.00	65535.00
752.33	65535.00
752.66	65535.00
752.99	65535.00
753.32	65535.00
753.65	65535.00
753.98	65535.00
754.31	65535.00
754.64	65535.00
754.97	65535.00
755.29	65535.00
755.62	65535.00
755.95	65535.00
756.28	65535.00
756.61	65535.00
756.94	65535.00
757.27	65535.00
757.60	65535.00
757.93	65535.00
758.26	65535.00
758.59	65535.00
758.92	65535.00
759.25	65535.00
759.58	65535.00
759.91	65535.00
760.23	65535.00
760.56	65535.00
760.89	65535.00
761.22	65535.00
761.55	65535.00
761.88	65535.00
762.21	65535.00
762.54	65535.00
762.87	65535.00
763.19	65535.00
763.52	65535.00
763.85	65535.00
764.18	65535.00
764.51	65535.00
764.84	65535.00
765.16	65535.00
765.49	65535.00
765.82	65535.00
766.15	65535.00
766.48	65535.00
766.81	65535.00
767.13	65535.00
767.46	65535.00
767.79	65535.00
768.12	65535.00
768.45	65535.00
768.77	65535.00
769.10	65535.00
769.43	65535.00
769.76	65535.00
770.08	65535.00
770.41	65535.00
770.74	65535.00
771.07	65535.00
771.40	65535.00
771.72	65535.00
772.05	65535.00
772.38	65535.00
772.71	65535.00
773.03	65535.00
773.36	65535.00
773.69	65535.00
774.01	65535.00
774.34	65535.00
774.67	65535.00
775.00	65535.00
775.32	65535.00
775.65	65535.00
775.98	62312.49
776.30	55273.12
776.63	51883.38
776.96	50563.64
777.28	48918.49
777.61	47745.64
777.94	47004.41
778.26	45860.94
778.59	45594.28
778.92	44331.04
779.24	43917.49
779.57	42938.98
779.90	41881.38
780.22	40832.82
780.55	40213.63
780.88	38613.67
781.20	37865.67
781.53	36315.43
781.85	35653.30
782.18	33486.13
782.51	32143.79
782.83	30390.16
783.16	28724.67
783.48	26146.21
783.81	23701.07
784.14	20898.89
784.46	17335.14
784.79	12858.42
785.11	9068.69
785.44	7312.80
785.76	6768.18
786.09	6580.62
786.42	6323.00
786.74	6417.91
787.07	6173.85
787.39	6424.69
787.72	6596.44
788.04	6804.34
788.37	7690.19
788.69	9272.07
789.02	11581.62
789.34	14804.13
789.67	18282.01
789.99	21192.66
790.32	23734.97
790.64	26980.08
790.97	30048.93
791.29	32769.76
791.62	34916.60
791.94	37076.99
792.27	38417.07
792.59	39813.64
792.92	40184.25
793.24	41445.24
793.57	41339.03
793.89	42581.93
794.22	43501.68
794.54	45187.51
794.86	47469.94
795.19	49750.10
795.51	52617.83
795.84	55718.31
796.16	58812.01
796.49	61293.30
796.81	62791.57
797.13	64359.89
797.46	65535.00
797.78	65535.00
798.11	65535.00
798.43	65535.00
798.75	65535.00
799.08	65535.00
799.40	65535.00
799.72	65535.00
800.05	65535.00
800.37	65535.00
800.70	65535.00
801.02	65535.00
801.34	65535.00
801.67	65535.00
801.99	65535.00
802.31	65535.00
802.64	65535.00
802.96	65535.00
803.28	65535.00
803.61	65535.00
803.93	65535.00
804.25	65535.00
804.57	65535.00
804.90	65535.00
805.22	65535.00
805.54	65535.00
805.87	65535.00
806.19	65535.00
806.51	65535.00
806.83	65535.00
807.16	65535.00
807.48	65535.00
807.80	65535.00
808.13	65535.00
808.45	65535.00
808.77	65535.00
809.09	65535.00
809.42	65535.00
809.74	65535.00
810.06	65535.00
810.38	65535.00
810.70	65535.00
811.03	65535.00
811.35	65535.00
811.67	65535.00
811.99	65535.00
812.31	65535.00
812.64	65535.00
812.96	65535.00
813.28	65535.00
813.60	65535.00
813.92	65535.00
814.25	65535.00
814.57	65535.00
814.89	65535.00
815.21	65535.00
815.53	65535.00
815.85	65535.00
816.17	65535.00
816.50	65535.00
816.82	65535.00
817.14	65535.00
817.46	65535.00
817.78	65535.00
818.10	65535.00
818.42	65535.00
818.74	65535.00
819.07	65535.00
819.39	65535.00
819.71	65535.00
820.03	65535.00
820.35	65535.00
820.67	65535.00
820.99	65535.00
821.31	65535.00
821.63	65535.00
821.95	65535.00
822.27	65535.00
822.59	65535.00
822.91	65535.00
823.23	64972.30
823.56	59329.51
823.88	50197.55
824.20	39578.62
824.52	33031.90
824.84	31072.63
825.16	30324.63
825.48	29721.25
825.80	29447.81
826.12	29368.72
826.44	29420.70
826.76	29054.60
827.08	29061.38
827.40	28469.31
827.72	28808.28
828.04	28216.21
828.36	28085.14
828.68	27691.93
829.00	27572.16
829.31	26636.59
829.63	27079.51
829.95	26636.59
830.27	26085.19
830.59	26082.93
830.91	26017.40
831.23	25545.09
831.55	25269.39
831.87	25183.52
832.19	24686.36
832.51	24595.96
832.83	23915.76
833.15	24214.05
833.46	23838.92
833.78	23468.31
834.10	23893.16
834.42	24304.45
834.74	24921.38
835.06	27158.61
835.38	30191.30
835.70	34344.86
836.02	39259.98
836.33	43689.25
836.65	48791.94
836.97	54699.13
837.29	59410.87
837.61	62728.29
837.93	65132.75
838.24	65535.00
838.56	65535.00
838.88	65535.00
839.20	65535.00
839.52	65535.00
839.83	65535.00
840.15	65535.00
840.47	65535.00
840.79	65535.00
841.11	65535.00
841.42	65535.00
841.74	65535.00
842.06	65535.00
842.38	65535.00
842.70	65535.00
843.01	65535.00
843.33	65535.00
843.65	65535.00
843.97	65535.00
844.28	65535.00
844.60	65535.00
844.92	65535.00
845.23	65535.00
845.55	65535.00
845.87	65535.00
846.19	65535.00
846.50	65535.00
846.82	65535.00
847.14	65535.00
847.45	65535.00
847.77	65535.00
848.09	65535.00
848.41	65535.00
848.72	65535.00
849.04	65535.00
849.36	65535.00
849.67	65535.00
849.99	65535.00
850.31	65535.00
850.62	65535.00
850.94	65535.00
851.25	65535.00
851.57	65535.00
851.89	65535.00
852.20	65535.00
852.52	64470.62
852.84	62020.97
853.15	58366.83
853.47	54093.49
853.78	48945.61
854.10	44520.86
854.42	39318.74
854.73	32891.79
855.05	26652.41
855.36	22598.28
855.68	20871.77
855.99	20281.95
856.31	19940.72
856.63	19332.82
856.94	19445.82
857.26	19185.94
857.57	18686.51
857.89	18587.08
858.20	17967.89
858.52	17604.06
858.83	17287.68
859.15	16966.79
859.46	16989.38
859.78	16205.22
860.09	16164.55
860.41	15927.26
860.72	15360.05
861.04	14774.75
861.35	15240.28
861.67	14612.05
861.98	14352.16
862.30	14035.79
862.61	13836.92
862.93	13030.17
863.24	12368.04
863.56	11843.76
863.87	10768.08
864.19	9787.31
864.50	8352.32
864.82	7238.23
865.13	6474.41
865.44	6323.00
865.76	6298.14
866.07	6069.90
866.39	5995.32
866.70	5904.93
867.01	5841.65
867.33	5798.72
867.64	5828.10
867.96	5767.08
868.27	5692.51
868.58	5532.06
868.90	5410.03
869.21	5380.65
869.53	5477.82
869.84	5328.67
870.15	5168.23
870.47	5220.20
870.78	5186.30
871.09	5113.99
871.41	5043.94
871.72	5021.34
872.03	5007.78
872.35	4912.87
872.66	4727.56
872.97	4734.34
873.29	4601.01
873.60	4451.86
873.91	4476.72
874.22	4314.01
874.54	4097.07
874.85	4187.46
875.16	4178.42
875.48	3791.99
875.79	3846.23
876.10	3834.93
876.41	3608.94
876.73	3785.21
877.04	3493.69
877.35	3419.12
877.66	3258.67
877.98	3125.34
878.29	3014.61
878.60	2766.03
878.91	2551.35
879.23	2343.44
879.54	2067.74
879.85	1855.32
880.16	1932.15
880.47	1918.59
880.79	1889.22
881.10	1932.15
881.41	1814.64
881.72	1859.84
882.03	1918.59
882.34	1821.42
882.66	1807.86
882.97	1866.62
883.28	1873.40
883.59	1814.64
883.90	1823.68
884.21	1760.41
884.53	1862.10
884.84	1853.06
885.15	1785.26
885.46	1830.46
885.77	1742.33
886.08	1699.39
886.39	1749.11
886.70	1699.39
887.02	1651.93
887.33	1764.93
887.64	1604.48
887.95	1586.40
888.26	1647.41
888.57	1566.06
888.88	1543.46
889.19	1505.05
889.50	1457.59
889.81	1498.27
890.12	1434.99
890.43	1351.38
890.74	1410.13
891.05	1466.63
891.36	1421.43
891.67	1502.79
891.98	1446.29
892.29	1337.82
892.61	1392.05
892.92	1342.34
893.23	1378.49
893.54	1505.05
893.85	1398.83
894.16	1353.64
894.46	1439.51
894.77	1369.46
895.08	1387.53
895.39	1425.95
895.70	1434.99
896.01	1430.47
896.32	1434.99
896.63	1396.57
896.94	1364.94
897.25	1308.44
897.56	1349.12
897.87	1401.09
898.18	1297.14
898.49	1303.92
898.80	1430.47
899.11	1317.48
899.42	1335.56
899.72	1308.44
900.03	1299.40
900.34	1306.18
900.65	1421.43
900.96	1312.96
901.27	1351.38
901.58	1333.30
901.89	1360.42
902.20	1380.75
902.50	1369.46
902.81	1430.47
903.12	1500.53
903.43	1416.91
903.74	1514.08
904.05	1516.34
904.35	1640.63
904.66	1654.19
904.97	1746.85
905.28	1742.33
905.59	1846.28
905.90	2085.82
906.20	2323.10
906.51	2716.31
906.82	3570.53
907.13	4756.94
907.43	6808.86
907.74	9685.62
908.05	13197.39
908.36	16670.75
908.67	19165.60
908.97	21951.97
909.28	25881.81
909.59	28548.40
909.90	30270.39
910.20	32896.31
910.51	34970.83
910.82	35980.97
911.12	37892.79
911.43	37876.97
911.74	38091.65
912.05	38457.75
912.35	38918.75
912.66	39628.34
912.97	39662.23
913.27	39377.50
913.58	39422.69
913.89	39305.18
914.19	39438.51
914.50	38674.69
914.81	39047.56
915.11	38835.14
915.42	38927.79
915.73	38453.23
916.03	37922.17
916.34	38048.72
916.65	38057.76
916.95	38200.13
917.26	37666.81
917.57	37601.27
917.87	38276.96
918.18	37965.10
918.48	38281.48
918.79	38195.61
919.10	37840.81
919.40	37669.07
919.71	37648.73
920.01	37386.59
920.32	36706.38
920.62	36787.73
920.93	36032.95
921.24	35309.81
921.54	34308.70
921.85	33307.60
922.15	32213.84
922.46	30738.17
922.76	29963.05
923.07	28304.34
923.37	26087.45
923.68	24641.16
923.98	22042.36
924.29	19152.04
924.59	15393.95
924.90	12214.37
925.20	10340.97
925.51	9622.35
925.81	9430.26
926.12	9093.55
926.42	8980.55
926.73	8971.52
927.03	8777.17
927.34	8451.76
927.64	8573.79
927.95	8386.22
928.25	8058.55
928.56	8212.21
928.86	8042.73
929.16	7710.53
929.47	7724.09
929.77	7541.04
930.08	7276.64
930.38	7389.64
930.69	6980.61
930.99	6865.36
931.29	6646.15
931.60	6435.99
931.90	6160.29
932.20	6040.52
932.51	5916.23
932.81	5791.94
933.12	5511.72
933.42	5073.31
933.72	5007.78
934.03	4639.43
934.33	4108.37
934.63	3588.61
934.94	2996.53
935.24	2585.24
935.54	2393.16
935.85	2332.14
936.15	2309.54
936.45	2336.66
936.76	2250.79
937.06	2232.71
937.36	2246.27
937.67	2189.77
937.97	2144.58
938.27	2121.98
938.57	2085.82
938.88	2042.88
939.18	1873.40
939.48	2015.77
939.78	1932.15
940.09	1859.84
940.39	1789.78
940.69	1893.74
940.99	1821.42
941.30	1746.85
941.60	1839.50
941.90	1692.61
942.20	1690.35
942.51	1744.59
942.81	1647.41
943.11	1717.47
943.41	1663.23
943.71	1660.97
944.01	1631.60
944.32	1631.60
944.62	1620.30
944.92	1627.08
945.22	1629.34
945.52	1545.72
945.83	1581.88
946.13	1498.27
946.43	1414.65
946.73	1477.93
947.03	1392.05
947.33	1324.26
947.63	1337.82
947.93	1240.65
948.24	1229.35
948.54	1168.33
948.84	1084.72
949.14	1114.10
949.44	1206.75
949.74	1120.87
950.04	1123.13
950.34	1127.65
950.64	1050.82
950.94	1157.03
951.24	1168.33
951.55	1005.62
951.85	1123.13
952.15	1132.17
952.45	1080.20
952.75	1096.02
953.05	1003.36
953.35	1077.94
953.65	1120.87
953.95	1086.98
954.25	1062.12
954.55	1111.84
954.85	1084.72
955.15	1025.96
955.45	1064.38
955.75	1019.18
956.05	1064.38
956.35	1075.68
956.65	1071.16
956.95	1041.78
957.25	1068.90
957.55	985.28
957.85	1003.36
958.15	1023.70
958.45	1019.18
958.74	1073.42
959.04	1041.78
959.34	946.87
959.64	1048.56
959.94	1028.22
960.24	1062.12
960.54	1080.20
960.84	1175.11
961.14	1364.94
961.44	1509.56
961.74	1721.99
962.03	2219.15
962.33	2659.82
962.63	3091.44
962.93	3509.51
963.23	3773.91
963.53	4225.88
963.83	4621.35
964.13	4888.01
964.42	5075.57
964.72	5355.79
965.02	5665.39
965.32	5803.24
965.62	5764.82
965.91	5864.25
966.21	5773.86
966.51	5954.65
966.81	5852.95
967.11	5952.39
967.40	5936.57
967.70	5868.77
968.00	5882.33
968.30	5828.10
968.60	5884.59
968.89	5970.46
969.19	5724.14
969.49	5669.91
969.79	5669.91
970.08	5658.61
970.38	5737.70
970.68	5547.88
970.98	5498.16
971.27	5373.87
971.57	5321.89
971.87	5301.56
972.16	5129.81
972.46	5163.71
972.76	4885.75
973.06	4824.73
973.35	4822.47
973.65	4756.94
973.95	4736.60
974.24	4707.22
974.54	4614.57
974.84	4632.65
975.13	4336.61
975.43	4544.51
975.73	4406.66
976.02	4345.65
976.32	4185.20
976.61	4255.26
976.91	3889.16
977.21	3561.49
977.50	3500.47
977.80	2989.75
978.10	2653.04
978.39	2320.84
978.69	2056.44
978.98	1961.53
979.28	1990.91
979.57	1762.67
979.87	1839.50
980.17	1853.06
980.46	1780.74
980.76	1823.68
981.05	1760.41
981.35	1785.26
981.64	1832.72
981.94	1724.25
982.23	1794.30
982.53	1769.44
982.83	1794.30
983.12	1708.43
983.42	1699.39
983.71	1762.67
984.01	1783.00
984.30	1801.08
984.60	1681.31
984.89	1656.45
985.19	1660.97
985.48	1588.66
985.77	1676.79
986.07	1595.44
986.36	1538.94
986.66	1581.88
986.95	1550.24
987.25	1588.66
987.54	1611.26
987.84	1455.33
988.13	1547.98
988.42	1430.47
988.72	1369.46
989.01	1333.30
989.31	1351.38
989.60	1197.71
989.89	1236.13
990.19	1215.79
990.48	1089.24
990.78	1071.16
991.07	983.02
991.36	906.19
991.66	1005.62
991.95	935.57
992.24	901.67
992.54	976.25
992.83	906.19
993.13	919.75
993.42	949.13
993.71	910.71
994.01	944.61
994.30	953.65
994.59	935.57
994.88	931.05
995.18	942.35
995.47	858.73
995.76	883.59
996.06	958.17
996.35	917.49
996.64	924.27
996.93	881.33
997.23	865.51
997.52	935.57
997.81	799.98
998.11	903.93
998.40	942.35
998.69	942.35
998.98	863.25
999.27	903.93
999.57	903.93
999.86	867.77
1000.15	937.83
1000.44	876.81
1000.74	865.51
1001.03	926.53
1001.32	897.15
1001.61	946.87
1001.90	962.69
1002.19	903.93
1002.49	987.54
1002.78	915.23
1003.07	964.95
1003.36	1005.62
1003.65	924.27
1003.94	971.73
1004.24	1023.70
1004.53	978.51
1004.82	1001.10
1005.11	1001.10
1005.40	973.99
1005.69	1019.18
1005.98	1086.98
1006.27	953.65
1006.56	1035.00
1006.86	1019.18
1007.15	971.73
1007.44	978.51
1007.73	1059.86
1008.02	1001.10
1008.31	937.83
1008.60	964.95
1008.89	912.97
1009.18	1109.58
1009.47	1021.44
1009.76	1003.36
1010.05	1073.42
1010.34	955.91
1010.63	926.53
1010.92	1055.34
1011.21	967.21
1011.50	1019.18
1011.79	1005.62
1012.08	922.01
1012.37	989.80
1012.66	955.91
1012.95	933.31
1013.24	1019.18
1013.53	976.25
1013.82	949.13
1014.11	1016.92
1014.40	1021.44
1014.69	996.58
1014.98	1062.12
1015.27	897.15
1015.56	944.61
1015.85	978.51
1016.14	944.61
1016.43	885.85
1016.72	971.73
1017.00	899.41
1017.29	928.79
1017.58	951.39
1017.87	906.19
1018.16	903.93
1018.45	946.87
1018.74	908.45
1019.03	980.77
1019.32	924.27
1019.60	876.81
1019.89	926.53
1020.18	894.89
1020.47	881.33
1020.76	924.27
1021.05	858.73
1021.33	890.37
1021.62	931.05
1021.91	942.35
1022.20	917.49
1022.49	946.87
1022.77	919.75
1023.06	899.41
1023.35	937.83
1023.64	881.33
1023.93	881.33
1024.21	881.33
