340.71	589.82
341.08	589.82
341.45	589.82
341.82	583.04
342.19	644.05
342.56	533.32
342.94	551.40
343.31	585.30
343.68	625.97
344.05	607.89
344.42	558.18
344.79	619.19
345.16	616.93
345.53	707.33
345.90	637.27
346.27	711.85
346.65	707.33
347.02	646.31
347.39	693.77
347.76	725.40
348.13	770.60
348.50	793.20
348.87	827.10
349.24	1437.25
349.61	2849.64
349.98	2338.92
350.35	1927.63
350.72	1848.54
351.09	1746.85
351.46	1834.98
351.84	1825.94
352.21	1868.88
352.58	1871.14
352.95	1877.92
353.32	1902.77
353.69	1929.89
354.06	2072.26
354.43	2058.70
354.80	2085.82
355.17	2042.88
355.54	2112.94
355.91	2140.06
356.28	2042.88
356.65	2076.78
357.02	2121.98
357.39	2013.51
357.76	2033.84
358.13	2144.58
358.50	2022.55
358.87	2142.32
359.24	2239.49
359.61	2343.44
359.98	2411.24
360.35	2449.65
360.72	2483.55
361.09	2625.92
361.46	2533.27
361.83	2517.45
362.20	2709.53
362.57	2786.37
362.94	3075.63
363.31	3577.31
363.68	3758.09
364.05	4397.62
364.42	4723.04
364.79	4799.87
365.15	5003.26
365.52	5159.19
365.89	5184.04
366.26	5378.39
366.63	5498.16
367.00	6268.76
367.37	7516.19
367.74	8539.89
368.11	9378.28
368.48	9877.71
368.85	9940.98
369.22	9439.30
369.59	8858.52
369.96	7536.52
370.32	6015.66
370.69	4621.35
371.06	3895.94
371.43	3514.03
371.80	3538.89
372.17	3346.80
372.54	3308.39
372.91	3310.65
373.28	3082.40
373.64	3120.82
374.01	2969.41
374.38	2786.37
374.75	2971.67
375.12	3308.39
375.49	3778.43
375.86	3532.11
376.23	3401.04
376.59	3547.93
376.96	3617.98
377.33	3816.85
377.70	4153.56
378.07	4280.11
378.44	4537.73
378.81	4842.81
379.17	5048.45
379.54	5195.34
379.91	5507.20
380.28	5577.25
380.65	5963.68
381.01	6036.00
381.38	6167.07
381.75	6277.80
382.12	6185.15
382.49	6207.75
382.86	6146.73
383.22	6295.88
383.59	6643.89
383.96	6786.26
384.33	7177.21
384.70	7563.64
385.06	7968.15
385.43	8356.84
385.80	8553.45
386.17	8924.06
386.53	9224.62
386.90	9220.10
387.27	9407.66
387.64	9502.58
388.01	9728.56
388.37	10223.46
388.74	10603.11
389.11	11753.36
389.48	12582.72
389.84	13204.17
390.21	13963.47
390.58	14569.11
390.95	14438.04
391.31	14431.26
391.68	14173.64
392.05	13674.22
392.42	12679.89
392.78	11701.39
393.15	10413.29
393.52	9748.90
393.88	9152.30
394.25	9344.39
394.62	9464.16
394.99	9839.29
395.35	10180.52
395.72	10957.90
396.09	11644.89
396.45	12510.41
396.82	13366.88
397.19	14203.02
397.55	15651.57
397.92	16849.27
398.29	18437.93
398.66	20098.91
399.02	21373.45
399.39	23025.38
399.76	23705.59
400.12	24677.32
400.49	25710.06
400.86	26338.29
401.22	26209.48
401.59	26164.28
401.95	26026.43
402.32	24880.70
402.69	24153.04
403.05	23000.53
403.42	21481.92
403.79	19454.86
404.15	17886.54
404.52	16166.81
404.89	15319.37
405.25	15054.97
405.62	15165.70
405.98	14844.81
406.35	14917.12
406.72	14297.93
407.08	14080.99
407.45	14370.24
407.82	14623.34
408.18	14720.52
408.55	15219.94
408.91	15850.43
409.28	16279.80
409.65	16923.85
410.01	17631.17
410.38	18202.91
410.74	18580.30
411.11	19104.58
411.47	20112.47
411.84	20293.25
412.21	21188.14
412.57	20932.78
412.94	21936.15
413.30	22345.18
413.67	23612.94
414.03	23940.61
414.40	24338.34
414.76	24799.35
415.13	24360.94
415.50	23965.47
415.86	24211.79
416.23	23606.16
416.59	22720.31
416.96	22374.55
417.32	21396.05
417.69	20824.31
418.05	19820.95
418.42	19326.05
418.78	18788.21
419.15	18761.09
419.51	18171.27
419.88	18155.45
420.24	17949.81
420.61	17927.21
420.97	17698.97
421.34	17762.24
421.70	17884.28
422.07	18417.59
422.43	18444.71
422.80	19276.33
423.16	19486.49
423.53	20270.65
423.89	21124.87
424.26	22042.36
424.62	23371.14
424.99	24123.66
425.35	25364.30
425.71	26593.65
426.08	27592.49
426.44	28498.69
426.81	29531.43
427.17	30263.61
427.54	31391.26
427.90	32159.61
428.27	32966.36
428.63	32706.48
428.99	33621.71
429.36	33203.65
429.72	32998.00
430.09	33253.36
430.45	33359.57
430.82	33300.82
431.18	33068.06
431.54	33375.39
431.91	33675.95
432.27	33275.96
432.64	33011.56
433.00	33375.39
433.36	33047.72
433.73	33201.39
434.09	34080.46
434.45	33443.19
434.82	33642.05
435.18	33897.41
435.55	33569.74
435.91	33465.79
436.27	33110.99
436.64	32740.38
437.00	32830.78
437.36	33034.16
437.73	33443.19
438.09	33578.78
438.45	34552.76
438.82	33210.43
439.18	33463.53
439.54	34087.24
439.91	33999.11
440.27	34344.86
440.63	34254.47
441.00	34656.72
441.36	36150.46
441.72	36762.88
442.09	37223.88
442.45	38507.46
442.81	37985.44
443.18	38891.63
443.54	39363.94
443.90	39452.07
444.27	39343.60
444.63	38954.91
444.99	39323.26
445.35	38310.86
445.72	38008.04
446.08	36561.75
446.44	35506.41
446.81	34442.03
447.17	33366.35
447.53	32435.31
447.89	31976.56
448.26	31698.60
448.62	30399.20
448.98	29816.17
449.34	29355.16
449.71	29108.84
450.07	28430.89
450.43	27784.58
450.79	28146.15
451.16	27886.27
451.52	28412.81
451.88	29190.19
452.24	29163.08
452.60	30139.32
452.97	31020.65
453.33	32360.73
453.69	32900.83
454.05	34801.34
454.42	35592.28
454.78	37639.69
455.14	38893.89
455.50	40606.84
455.86	41800.03
456.23	43259.88
456.59	45320.84
456.95	45775.07
457.31	47643.94
457.67	48278.96
458.03	49214.53
458.40	50009.98
458.76	50674.37
459.12	52663.02
459.48	52626.86
459.84	52658.50
460.20	52952.28
460.57	53313.85
460.93	52891.26
461.29	53429.10
461.65	52540.99
462.01	52457.38
462.37	50925.21
462.73	51478.87
463.10	50604.32
463.46	49336.56
463.82	48297.04
464.18	47115.15
464.54	46947.92
464.90	46369.40
465.26	44245.16
465.62	44638.37
465.98	43537.84
466.35	42760.46
466.71	42694.92
467.07	41876.86
467.43	41142.42
467.79	40939.04
468.15	40356.00
468.51	40629.44
468.87	40864.46
469.23	40977.45
469.59	40939.04
469.95	42211.32
470.31	41892.68
470.68	41935.62
471.04	43404.51
471.40	45158.13
471.76	45334.40
472.12	45971.67
472.48	47454.12
472.84	48034.90
473.20	48812.28
473.56	49682.31
473.92	50706.01
474.28	52312.75
474.64	53352.27
475.00	53119.51
475.36	53677.68
475.72	55058.44
476.08	54918.33
476.44	55713.79
476.80	56608.68
477.16	57327.31
477.52	57492.27
477.88	57480.97
478.24	58050.45
478.60	57736.34
478.96	57634.64
479.32	58459.48
479.68	58825.57
480.04	59031.22
480.40	59560.02
480.76	59485.44
481.12	59322.73
481.48	60226.66
481.84	60206.33
482.20	61067.32
482.56	62176.90
482.92	62524.91
483.28	63245.79
483.64	64219.78
484.00	64551.98
484.36	65304.50
484.71	65535.00
485.07	65535.00
485.43	65535.00
485.79	65535.00
486.15	65535.00
486.51	65535.00
486.87	65535.00
487.23	65535.00
487.59	65535.00
487.95	65535.00
488.31	65535.00
488.67	65535.00
489.02	65535.00
489.38	65535.00
489.74	65535.00
490.10	65535.00
490.46	65535.00
490.82	65535.00
491.18	65535.00
491.54	65535.00
491.89	65535.00
492.25	65535.00
492.61	65535.00
492.97	65535.00
493.33	65535.00
493.69	65535.00
494.05	65535.00
494.40	65535.00
494.76	65535.00
495.12	65535.00
495.48	65535.00
495.84	65535.00
496.20	65535.00
496.55	65535.00
496.91	65535.00
497.27	65535.00
497.63	65535.00
497.99	65535.00
498.35	65535.00
498.70	65535.00
499.06	65535.00
499.42	65535.00
499.78	65535.00
500.14	65535.00
500.49	65535.00
500.85	65535.00
501.21	65535.00
501.57	65535.00
501.92	65535.00
502.28	65535.00
502.64	65535.00
503.00	65535.00
503.35	65535.00
503.71	65535.00
504.07	65535.00
504.43	65535.00
504.79	65535.00
505.14	65535.00
505.50	65535.00
505.86	65535.00
506.21	65535.00
506.57	65535.00
506.93	65535.00
507.29	65535.00
507.64	65535.00
508.00	65535.00
508.36	65535.00
508.72	65535.00
509.07	65535.00
509.43	65535.00
509.79	65535.00
510.14	65535.00
510.50	65535.00
510.86	65535.00
511.21	65535.00
511.57	65535.00
511.93	65535.00
512.28	65535.00
512.64	65535.00
513.00	65535.00
513.35	65535.00
513.71	65535.00
514.07	65535.00
514.42	65535.00
514.78	65535.00
515.14	65535.00
515.49	65535.00
515.85	65535.00
516.21	65535.00
516.56	65535.00
516.92	65535.00
517.28	65535.00
517.63	65535.00
517.99	65535.00
518.34	65535.00
518.70	65535.00
519.06	65535.00
519.41	65535.00
519.77	65535.00
520.12	65535.00
520.48	65535.00
520.84	65535.00
521.19	65535.00
521.55	65535.00
521.90	65535.00
522.26	65535.00
522.62	65535.00
522.97	65535.00
523.33	65535.00
523.68	65535.00
524.04	65535.00
524.39	65535.00
524.75	65535.00
525.11	65535.00
525.46	65535.00
525.82	65535.00
526.17	65535.00
526.53	65535.00
526.88	65535.00
527.24	65535.00
527.59	65535.00
527.95	65535.00
528.30	65535.00
528.66	65535.00
529.01	65535.00
529.37	65535.00
529.72	65535.00
530.08	65535.00
530.43	65535.00
530.79	65535.00
531.14	65535.00
531.50	65535.00
531.85	65535.00
532.21	65535.00
532.56	65535.00
532.92	65535.00
533.27	65535.00
533.63	65535.00
533.98	65535.00
534.34	65535.00
534.69	65535.00
535.05	65535.00
535.40	65535.00
535.76	65535.00
536.11	65535.00
536.46	65535.00
536.82	65535.00
537.17	65535.00
537.53	65535.00
537.88	65535.00
538.24	65535.00
538.59	65535.00
538.94	65535.00
539.30	65535.00
539.65	65535.00
540.01	65535.00
540.36	65535.00
540.72	65535.00
541.07	65535.00
541.42	65535.00
541.78	65535.00
542.13	65535.00
542.48	65535.00
542.84	65535.00
543.19	65535.00
543.55	65535.00
543.90	65535.00
544.25	65535.00
544.61	65535.00
544.96	65535.00
545.31	65535.00
545.67	65535.00
546.02	65535.00
546.37	65535.00
546.73	65535.00
547.08	65535.00
547.44	65535.00
547.79	65535.00
548.14	65535.00
548.49	65535.00
548.85	65535.00
549.20	65535.00
549.55	65535.00
549.91	65535.00
550.26	65535.00
550.61	65535.00
550.97	65535.00
551.32	65535.00
551.67	65535.00
552.03	65535.00
552.38	65535.00
552.73	65535.00
553.08	65535.00
553.44	65535.00
553.79	65535.00
554.14	65535.00
554.49	65535.00
554.85	65535.00
555.20	65535.00
555.55	65535.00
555.91	65535.00
556.26	65535.00
556.61	65535.00
556.96	65535.00
557.31	65535.00
557.67	65535.00
558.02	65535.00
558.37	65535.00
558.72	65535.00
559.08	65535.00
559.43	65535.00
559.78	65535.00
560.13	65535.00
560.48	65535.00
560.84	65535.00
561.19	65535.00
561.54	65535.00
561.89	65535.00
562.24	65535.00
562.60	65535.00
562.95	65535.00
563.30	65535.00
563.65	65535.00
564.00	65535.00
564.35	65535.00
564.71	65535.00
565.06	65535.00
565.41	65535.00
565.76	65535.00
566.11	65535.00
566.46	65535.00
566.82	65535.00
567.17	65535.00
567.52	65535.00
567.87	65535.00
568.22	65535.00
568.57	65535.00
568.92	65535.00
569.27	65535.00
569.63	65535.00
569.98	65535.00
570.33	65535.00
570.68	65535.00
571.03	65535.00
571.38	65535.00
571.73	65535.00
572.08	65535.00
572.43	65535.00
572.78	65535.00
573.13	65535.00
573.49	65535.00
573.84	65535.00
574.19	65535.00
574.54	65535.00
574.89	65535.00
575.24	65535.00
575.59	65535.00
575.94	65535.00
576.29	65535.00
576.64	65535.00
576.99	65535.00
577.34	65535.00
577.69	65535.00
578.04	65535.00
578.39	65535.00
578.74	65535.00
579.09	65535.00
579.44	65535.00
579.79	65535.00
580.14	65535.00
580.49	65535.00
580.84	65535.00
581.19	65535.00
581.54	65535.00
581.89	65535.00
582.24	65535.00
582.59	65535.00
582.94	65535.00
583.29	65535.00
583.64	65535.00
583.99	65535.00
584.34	65535.00
584.69	65535.00
585.04	65535.00
585.39	65535.00
585.74	65535.00
586.09	65535.00
586.44	65535.00
586.79	65535.00
587.13	65535.00
587.48	65535.00
587.83	65535.00
588.18	65535.00
588.53	65535.00
588.88	65535.00
589.23	65535.00
589.58	65535.00
589.93	65535.00
590.28	65535.00
590.63	65535.00
590.97	65535.00
591.32	65535.00
591.67	65535.00
592.02	65535.00
592.37	65535.00
592.72	65535.00
593.07	65535.00
593.42	65535.00
593.76	65535.00
594.11	65535.00
594.46	65535.00
594.81	65535.00
595.16	65535.00
595.51	65535.00
595.86	65535.00
596.20	65535.00
596.55	65535.00
596.90	65535.00
597.25	65535.00
597.60	65535.00
597.95	65535.00
598.29	65535.00
598.64	65535.00
598.99	65535.00
599.34	65535.00
599.69	65535.00
600.03	65535.00
600.38	65535.00
600.73	65535.00
601.08	65535.00
601.42	65535.00
601.77	65535.00
602.12	65535.00
602.47	65535.00
602.82	65535.00
603.16	65535.00
603.51	65535.00
603.86	65535.00
604.21	65535.00
604.55	65535.00
604.90	65535.00
605.25	65535.00
605.60	65535.00
605.94	65535.00
606.29	65535.00
606.64	65535.00
606.98	65535.00
607.33	65535.00
607.68	65535.00
608.03	65535.00
608.37	65535.00
608.72	65535.00
609.07	65535.00
609.41	65535.00
609.76	65535.00
610.11	65535.00
610.45	65535.00
610.80	65535.00
611.15	65535.00
611.49	65535.00
611.84	65535.00
612.19	65535.00
612.53	65535.00
612.88	65535.00
613.23	65535.00
613.57	65535.00
613.92	65535.00
614.27	65535.00
614.61	65535.00
614.96	65535.00
615.31	65535.00
615.65	65535.00
616.00	65535.00
616.34	65535.00
616.69	65535.00
617.04	65535.00
617.38	65535.00
617.73	65535.00
618.07	65535.00
618.42	65535.00
618.77	65535.00
619.11	65535.00
619.46	65535.00
619.80	65535.00
620.15	65535.00
620.50	65535.00
620.84	65535.00
621.19	65535.00
621.53	65535.00
621.88	65535.00
622.22	65535.00
622.57	65535.00
622.91	65535.00
623.26	65535.00
623.61	65535.00
623.95	65535.00
624.30	65535.00
624.64	65535.00
624.99	65535.00
625.33	65535.00
625.68	65535.00
626.02	65535.00
626.37	65535.00
626.71	65535.00
627.06	65535.00
627.40	65535.00
627.75	65535.00
628.09	65535.00
628.44	65535.00
628.78	65535.00
629.13	65535.00
629.47	65535.00
629.82	65535.00
630.16	65535.00
630.51	65535.00
630.85	65535.00
631.19	65535.00
631.54	65535.00
631.88	65535.00
632.23	65535.00
632.57	65535.00
632.92	65535.00
633.26	65535.00
633.61	65535.00
633.95	65535.00
634.29	65535.00
634.64	65535.00
634.98	65535.00
635.33	65535.00
635.67	65535.00
636.01	65535.00
636.36	65535.00
636.70	65535.00
637.05	65535.00
637.39	65535.00
637.73	65535.00
638.08	65535.00
638.42	65535.00
638.77	65535.00
639.11	65535.00
639.45	65535.00
639.80	65535.00
640.14	65535.00
640.48	65535.00
640.83	65535.00
641.17	65535.00
641.51	65535.00
641.86	65535.00
642.20	65535.00
642.54	65535.00
642.89	65535.00
643.23	65535.00
643.57	65535.00
643.92	65535.00
644.26	65535.00
644.60	65535.00
644.95	65535.00
645.29	65535.00
645.63	65535.00
645.97	65535.00
646.32	65535.00
646.66	65535.00
647.00	65535.00
647.35	65535.00
647.69	65535.00
648.03	65535.00
648.37	65535.00
648.72	65535.00
649.06	65535.00
649.40	65535.00
649.74	65535.00
650.09	65535.00
650.43	65535.00
650.77	65535.00
651.11	65535.00
651.46	65535.00
651.80	65535.00
652.14	65535.00
652.48	65535.00
652.82	65535.00
653.17	65535.00
653.51	65535.00
653.85	65535.00
654.19	65535.00
654.53	65535.00
654.88	65535.00
655.22	65535.00
655.56	65535.00
655.90	65535.00
656.24	65535.00
656.59	65535.00
656.93	65535.00
657.27	65535.00
657.61	65535.00
657.95	65535.00
658.29	65535.00
658.63	65535.00
658.98	65535.00
659.32	65535.00
659.66	65535.00
660.00	65535.00
660.34	65535.00
660.68	65535.00
661.02	65535.00
661.36	65535.00
661.71	65535.00
662.05	65535.00
662.39	65535.00
662.73	65535.00
663.07	65535.00
663.41	65535.00
663.75	65535.00
664.09	65535.00
664.43	65535.00
664.77	65535.00
665.11	65535.00
665.46	65535.00
665.80	65535.00
666.14	65535.00
666.48	65535.00
666.82	65535.00
667.16	65535.00
667.50	65535.00
667.84	65535.00
668.18	65535.00
668.52	65535.00
668.86	65535.00
669.20	65535.00
669.54	65535.00
669.88	65535.00
670.22	65535.00
670.56	65535.00
670.90	65535.00
671.24	65535.00
671.58	65535.00
671.92	65535.00
672.26	65535.00
672.60	65535.00
672.94	65535.00
673.28	65535.00
673.62	65535.00
673.96	65535.00
674.30	65535.00
674.64	65535.00
674.98	65535.00
675.32	65535.00
675.66	65535.00
676.00	65535.00
676.34	65535.00
676.68	65535.00
677.01	65535.00
677.35	65535.00
677.69	65535.00
678.03	65535.00
678.37	65535.00
678.71	65535.00
679.05	65535.00
679.39	65535.00
679.73	65535.00
680.07	65535.00
680.41	65535.00
680.74	65535.00
681.08	65535.00
681.42	65535.00
681.76	65535.00
682.10	65535.00
682.44	65535.00
682.78	65535.00
683.12	65535.00
683.45	65535.00
683.79	65535.00
684.13	65535.00
684.47	65535.00
684.81	65535.00
685.15	65535.00
685.49	65535.00
685.82	65535.00
686.16	65535.00
686.50	65535.00
686.84	65535.00
687.18	65535.00
687.51	65535.00
687.85	65535.00
688.19	65535.00
688.53	65535.00
688.87	65535.00
689.20	65535.00
689.54	65254.78
689.88	64744.06
690.22	63871.77
690.56	63098.91
690.89	62470.67
691.23	61912.50
691.57	61557.70
691.91	60642.47
692.24	60780.32
692.58	59910.29
692.92	59487.70
693.26	58949.86
693.59	58658.34
693.93	58233.50
694.27	57697.92
694.60	57180.42
694.94	56190.61
695.28	55347.70
695.62	55130.75
695.95	54330.77
696.29	53752.26
696.63	53239.28
696.96	52608.79
697.30	52342.13
697.64	51700.34
697.97	51657.40
698.31	50990.75
698.65	50814.48
698.99	49971.57
699.32	50694.71
699.66	50579.46
699.99	49908.29
700.33	49881.17
700.67	50174.95
701.00	50432.57
701.34	50353.48
701.68	51194.13
702.01	51060.80
702.35	51063.06
702.69	50979.45
703.02	51103.74
703.36	51026.91
703.69	51598.64
704.03	51090.18
704.37	51094.70
704.70	51171.54
705.04	51266.45
705.37	51695.82
705.71	51198.65
706.05	51874.34
706.38	51659.66
706.72	51135.38
707.05	51216.73
707.39	51666.44
707.73	51442.72
708.06	51239.33
708.40	51799.77
708.73	51139.90
709.07	51230.29
709.40	51826.89
709.74	51051.76
710.07	51395.26
710.41	51316.16
710.74	51173.80
711.08	51067.58
711.41	50990.75
711.75	50814.48
712.08	50825.78
712.42	50593.02
712.76	50398.67
713.09	49736.55
713.43	49664.23
713.76	49338.82
714.09	48952.39
714.43	49169.33
714.76	48850.69
715.10	48866.51
715.43	48518.50
715.77	48882.33
716.10	49237.12
716.44	49677.79
716.77	49508.30
717.11	50339.92
717.44	51356.84
717.78	52082.25
718.11	53239.28
718.44	54513.82
718.78	55286.68
719.11	56068.58
719.45	56732.97
719.78	58131.80
720.12	58778.12
720.45	59722.72
720.78	60500.10
721.12	61288.78
721.45	62088.76
721.79	62427.74
722.12	62931.68
722.45	63724.88
722.79	63962.16
723.12	64459.32
723.45	64762.14
723.79	65223.14
724.12	65403.93
724.46	65385.85
724.79	65535.00
725.12	65535.00
725.46	65535.00
725.79	65535.00
726.12	65535.00
726.46	65535.00
726.79	65535.00
727.12	65535.00
727.46	65535.00
727.79	65535.00
728.12	65535.00
728.45	65535.00
728.79	65535.00
729.12	65535.00
729.45	65535.00
729.79	65535.00
730.12	65535.00
730.45	65535.00
730.79	65535.00
731.12	65535.00
731.45	65535.00
731.78	65535.00
732.12	65535.00
732.45	65535.00
732.78	65535.00
733.11	65535.00
733.45	65535.00
733.78	65535.00
734.11	65535.00
734.44	65535.00
734.78	65535.00
735.11	65535.00
735.44	65535.00
735.77	65535.00
736.10	65535.00
736.44	65535.00
736.77	65535.00
737.10	65535.00
737.43	65535.00
737.76	65535.00
738.10	65535.00
738.43	65535.00
738.76	65535.00
739.09	65535.00
739.42	65535.00
739.75	65535.00
740.09	65535.00
740.42	65535.00
740.75	65535.00
741.08	65535.00
741.41	65535.00
741.74	65535.00
742.08	65535.00
742.41	65535.00
742.74	65535.00
743.07	65535.00
743.40	65535.00
743.73	65535.00
744.06	65535.00
744.39	65535.00
744.72	65535.00
745.06	65535.00
745.39	65535.00
745.72	65535.00
746.05	65535.00
746.38	65535.00
746.71	65535.00
747.04	65535.00
747.37	65535.00
747.70	65535.00
748.03	65535.00
748.36	65535.00
748.69	65535.00
749.02	65535.00
749.35	65535.00
749.68	65535.00
750.02	65535.00
750.35	65535.00
750.68	65535.00
751.01	65535.00
751.34	65535.00
751.67	65535.00
752.00	65535.00
752.33	65535.00
752.66	65535.00
752.99	65535.00
753.32	65535.00
753.65	65535.00
753.98	65535.00
754.31	65535.00
754.64	65535.00
754.97	65535.00
755.29	65535.00
755.62	65535.00
755.95	65535.00
756.28	65535.00
756.61	65535.00
756.94	65535.00
757.27	65535.00
757.60	65535.00
757.93	65535.00
758.26	65535.00
758.59	65535.00
758.92	65535.00
759.25	65535.00
759.58	65535.00
759.91	65535.00
760.23	65535.00
760.56	65535.00
760.89	65535.00
761.22	65535.00
761.55	65535.00
761.88	65535.00
762.21	65535.00
762.54	65535.00
762.87	65535.00
763.19	65535.00
763.52	65535.00
763.85	65535.00
764.18	65535.00
764.51	65535.00
764.84	65535.00
765.16	65535.00
765.49	65535.00
765.82	65535.00
766.15	65535.00
766.48	65535.00
766.81	65535.00
767.13	65535.00
767.46	65535.00
767.79	65535.00
768.12	65535.00
768.45	65535.00
768.77	65535.00
769.10	65535.00
769.43	65535.00
769.76	65535.00
770.08	65535.00
770.41	65535.00
770.74	65535.00
771.07	65535.00
771.40	65535.00
771.72	65535.00
772.05	65535.00
772.38	65535.00
772.71	65535.00
773.03	65535.00
773.36	65535.00
773.69	65535.00
774.01	65535.00
774.34	65535.00
774.67	65535.00
775.00	65358.73
775.32	65001.68
775.65	64635.59
775.98	64224.30
776.30	63494.38
776.63	63148.62
776.96	63168.96
777.28	62445.82
777.61	62165.60
777.94	61711.37
778.26	61279.74
778.59	60841.34
778.92	60531.74
779.24	60258.30
779.57	59682.05
779.90	58963.42
780.22	58436.88
780.55	57966.84
780.88	57313.75
781.20	56457.27
781.53	55528.48
781.85	55114.94
782.18	53096.91
782.51	52409.92
782.83	50945.55
783.16	49257.46
783.48	47967.10
783.81	47029.27
784.14	45598.80
784.46	44437.25
784.79	43022.60
785.11	41508.51
785.44	40258.83
785.76	39244.17
786.09	38240.80
786.42	37318.79
786.74	36848.75
787.07	35874.76
787.39	35131.28
787.72	34121.14
788.04	33800.24
788.37	33208.17
788.69	33411.55
789.02	32579.93
789.34	32356.21
789.67	31845.49
789.99	31090.71
790.32	31456.80
790.64	31628.55
790.97	31488.44
791.29	31666.96
791.62	31266.97
791.94	31969.78
792.27	31454.54
792.59	31872.61
792.92	31572.05
793.24	31775.44
793.57	31386.75
793.89	31818.37
794.22	31788.99
794.54	31529.11
794.86	31346.07
795.19	30937.04
795.51	30946.08
795.84	30607.10
796.16	30695.24
796.49	30674.90
796.81	30387.90
797.13	29893.00
797.46	29852.32
797.78	29418.44
798.11	29083.98
798.43	28812.80
798.75	28659.13
799.08	28225.25
799.40	27825.26
799.72	27486.28
800.05	26946.18
800.37	26464.84
800.70	25612.89
801.02	25007.25
801.34	25298.77
801.67	24340.60
801.99	24327.04
802.31	23725.93
802.64	23280.74
802.96	22238.96
803.28	22313.54
803.61	21958.74
803.93	21854.79
804.25	21579.09
804.57	21366.67
804.90	20679.68
805.22	20923.74
805.54	20984.76
805.87	20835.61
806.19	21269.50
806.51	20993.80
806.83	21441.24
807.16	20871.77
807.48	20781.37
807.80	21142.95
808.13	20962.16
808.45	21127.13
808.77	21059.33
809.09	20898.89
809.42	20794.93
809.74	20349.75
810.06	20191.56
810.38	20139.58
810.70	19741.85
811.03	19332.82
811.35	19436.78
811.67	18550.92
811.99	18367.88
812.31	18175.79
812.64	17572.42
812.96	17337.40
813.28	17326.10
813.60	17251.52
813.92	17030.06
814.25	16413.13
814.57	16322.73
814.89	15909.19
815.21	15988.28
815.53	15744.22
815.85	15626.71
816.17	15373.61
816.50	15285.47
816.82	15249.32
817.14	15405.24
817.46	15057.23
817.78	15050.45
818.10	14709.22
818.42	14621.08
818.74	14747.63
819.07	14731.82
819.39	14377.02
819.71	14270.81
820.03	14065.17
820.35	14087.77
820.67	14214.32
820.99	13841.44
821.31	13848.22
821.63	13719.41
821.95	13619.98
822.27	13258.41
822.59	13068.58
822.91	12871.98
823.23	12465.21
823.56	12555.60
823.88	11979.35
824.20	11886.69
824.52	11651.67
824.84	11475.40
825.16	11678.79
825.48	11642.63
825.80	11660.71
826.12	11746.58
826.44	11681.05
826.76	11439.25
827.08	12033.58
827.40	11907.03
827.72	12008.72
828.04	12072.00
828.36	11909.29
828.68	12015.50
829.00	12248.27
829.31	12288.94
829.63	12329.62
829.95	12408.71
830.27	12379.34
830.59	12514.93
830.91	12243.75
831.23	12469.73
831.55	12566.90
831.87	12652.77
832.19	12442.61
832.51	12487.81
832.83	12325.10
833.15	12603.06
833.46	12338.66
833.78	12137.53
834.10	12288.94
834.42	12114.94
834.74	12175.95
835.06	11918.33
835.38	12033.58
835.70	12062.96
836.02	11907.03
836.33	12171.43
836.65	11974.83
836.97	12101.38
837.29	12331.88
837.61	12273.12
837.93	12307.02
838.24	12528.48
838.56	12467.47
838.88	12752.21
839.20	12932.99
839.52	13131.86
839.83	13441.45
840.15	13633.54
840.47	13958.96
840.79	14302.45
841.11	14508.09
841.42	14634.64
841.74	15170.22
842.06	15283.21
842.38	15527.28
842.70	15233.50
843.01	15430.10
843.33	15674.16
843.65	15839.13
843.97	15726.14
844.28	15997.32
844.60	16214.26
844.92	16006.36
845.23	16347.59
845.55	16076.41
845.87	16573.58
846.19	16456.06
846.50	16795.04
846.82	16661.71
847.14	17127.23
847.45	17054.92
847.77	17174.69
848.09	17201.81
848.41	17384.85
848.72	17477.51
849.04	17818.74
849.36	17477.51
849.67	17868.46
849.99	17995.01
850.31	18146.42
850.62	17997.27
850.94	17879.76
851.25	18159.97
851.57	18257.15
851.89	17748.69
852.20	17717.05
852.52	17861.68
852.84	17601.80
853.15	17563.38
853.47	17529.48
853.78	17036.84
854.10	17091.08
854.42	16892.21
854.73	16413.13
855.05	16465.10
855.36	16261.72
855.68	16083.19
855.99	16015.40
856.31	15784.90
856.63	15337.45
856.94	15262.88
857.26	14817.69
857.57	14923.90
857.89	14973.62
858.20	15190.56
858.52	15269.66
858.83	15353.27
859.15	15778.12
859.46	15852.69
859.78	16044.78
860.09	16747.58
860.41	17129.49
860.72	17538.52
861.04	17945.29
861.35	18440.19
861.67	18767.87
861.98	19554.29
862.30	20451.44
862.61	20855.95
862.93	21671.75
863.24	22410.71
863.56	23373.40
863.87	23795.98
864.19	24632.12
864.50	25581.25
864.82	26234.34
865.13	27133.75
865.44	27694.19
865.76	28399.25
866.07	29142.74
866.39	30094.12
866.70	30862.47
867.01	31454.54
867.33	32186.72
867.64	32534.74
867.96	32898.57
868.27	33397.99
868.58	33779.90
868.90	33994.59
869.21	34403.62
869.53	34853.32
869.84	34842.02
870.15	34817.16
870.47	34496.27
870.78	34925.64
871.09	34649.94
871.41	34975.35
871.72	34643.16
872.03	34428.47
872.35	34168.59
872.66	33872.56
872.97	33497.42
873.29	33054.50
873.60	32961.85
873.91	32195.76
874.22	31829.67
874.54	31404.82
874.85	31346.07
875.16	30991.28
875.48	30290.73
875.79	29825.20
876.10	29655.72
876.41	29115.62
876.73	28591.34
877.04	28265.92
877.35	27741.64
877.66	26810.59
877.98	26758.62
878.29	26559.75
878.60	25701.02
878.91	26019.65
879.23	25701.02
879.54	25339.45
879.85	24934.94
880.16	25355.27
880.47	25237.75
880.79	25346.23
881.10	25696.50
881.41	25640.00
881.72	25789.15
882.03	26482.92
882.34	26496.48
882.66	27361.99
882.97	27244.48
883.28	27572.16
883.59	28417.33
883.90	28858.00
884.21	29565.32
884.53	29987.91
884.84	31687.30
885.15	32173.17
885.46	32973.14
885.77	33587.82
886.08	34410.39
886.39	35255.57
886.70	36195.66
887.02	36103.01
887.33	37142.53
887.64	37721.04
887.95	37585.45
888.26	38062.28
888.57	38595.60
888.88	39264.50
889.19	39309.70
889.50	38780.90
889.81	38566.22
890.12	38369.61
890.43	37691.66
890.74	38313.12
891.05	38100.69
891.36	37481.50
891.67	37020.50
891.98	36993.38
892.29	36184.36
892.61	35244.27
892.92	34747.11
893.23	34249.95
893.54	33578.78
893.85	32796.88
894.16	32014.98
894.46	31592.39
894.77	30044.41
895.08	29583.40
895.39	28711.11
895.70	27795.88
896.01	26749.58
896.32	25793.67
896.63	24485.23
896.94	23253.63
897.25	22641.21
897.56	21504.52
897.87	20394.94
898.18	19601.74
898.49	18198.39
898.80	17563.38
899.11	16462.84
899.42	15610.89
899.72	14573.63
900.03	13497.95
900.34	13165.76
900.65	11601.95
900.96	11012.14
901.27	10365.83
901.58	9572.63
901.89	8607.68
902.20	8090.18
902.50	7541.04
902.81	6747.85
903.12	6381.75
903.43	6069.90
903.74	5611.15
904.05	5344.49
904.35	5014.56
904.66	4978.40
904.97	4804.39
905.28	4820.21
905.59	4806.65
905.90	4562.59
906.20	4381.81
906.51	4494.80
906.82	4422.48
907.13	4433.78
907.43	4499.32
907.74	4628.13
908.05	4738.86
908.36	4863.15
908.67	4919.64
908.97	4985.18
909.28	5095.91
909.59	5213.42
909.90	5197.60
910.20	5387.43
910.51	5398.73
910.82	5525.28
911.12	5636.01
911.43	5645.05
911.74	5604.37
912.05	5923.01
912.35	6020.18
912.66	6167.07
912.97	6223.57
913.27	6273.28
913.58	6144.47
913.89	6363.67
914.19	6537.68
914.50	6295.88
914.81	6528.64
915.11	6526.38
915.42	6750.10
915.73	6632.59
916.03	6765.92
916.34	6942.19
916.65	6926.37
916.95	6878.92
917.26	6951.23
917.57	6772.70
917.87	7030.32
918.18	6967.05
918.48	6926.37
918.79	7000.95
919.10	7034.84
919.40	6854.06
919.71	6786.26
920.01	6799.82
920.32	6833.72
920.62	6716.21
920.93	6896.99
921.24	6612.26
921.54	6684.57
921.85	6406.61
922.15	6435.99
922.46	6415.65
922.76	6359.15
923.07	6345.60
923.37	6347.86
923.68	6022.44
923.98	5882.33
924.29	5873.29
924.59	5697.03
924.90	5708.32
925.20	5563.70
925.51	5344.49
925.81	5247.32
926.12	5299.30
926.42	5055.23
926.73	4949.02
927.03	4888.01
927.34	4888.01
927.64	4775.02
927.95	4743.38
928.25	4517.40
928.56	4616.83
928.86	4408.92
929.16	4449.60
929.47	4314.01
929.77	4497.06
930.08	4368.25
930.38	4282.37
930.69	4072.21
930.99	4119.67
931.29	4191.98
931.60	4092.55
931.90	4178.42
932.20	4040.57
932.51	3968.26
932.81	4142.26
933.12	4124.19
933.42	4038.31
933.72	4119.67
934.03	4024.75
934.33	4146.78
934.63	4216.84
934.94	4207.80
935.24	4058.65
935.54	4298.19
935.85	4354.69
936.15	4463.16
936.45	4628.13
936.76	4537.73
937.06	4655.24
937.36	4838.29
937.67	4625.87
937.97	4917.38
938.27	4989.70
938.57	5012.30
938.88	5064.27
939.18	4953.54
939.48	4996.48
939.78	5156.93
940.09	5281.22
940.39	5188.56
940.69	5290.26
940.99	5265.40
941.30	5220.20
941.60	5299.30
941.90	5145.63
942.20	5193.08
942.51	5141.11
942.81	5098.17
943.11	5127.55
943.41	5055.23
943.71	5082.35
944.01	4985.18
944.32	4982.92
944.62	4763.72
944.92	5005.52
945.22	4885.75
945.52	4817.95
945.83	4759.20
946.13	4585.19
946.43	4666.54
946.73	4666.54
947.03	4485.76
947.33	4300.45
947.63	4445.08
947.93	4232.66
948.24	4112.89
948.54	4164.86
948.84	4054.13
949.14	3929.84
949.44	3984.08
949.74	3857.53
950.04	3801.03
950.34	3791.99
950.64	3617.98
950.94	3654.14
951.24	3502.73
951.55	3403.30
951.85	3367.14
952.15	3217.99
952.45	3129.86
952.75	3168.28
953.05	3186.36
953.35	3046.25
953.65	3089.18
953.95	3082.40
954.25	2982.97
954.55	3071.11
954.85	3019.13
955.15	3089.18
955.45	3156.98
955.75	3093.70
956.05	3100.48
956.35	3231.55
956.65	3202.18
956.95	3346.80
957.25	3319.69
957.55	3367.14
957.85	3516.29
958.15	3473.36
958.45	3624.76
958.74	3776.17
959.04	3846.23
959.34	3737.75
959.64	3807.81
959.94	4074.47
960.24	4040.57
960.54	4013.45
960.84	4103.85
961.14	4212.32
961.44	4352.43
961.74	4275.59
962.03	4402.14
962.33	4478.98
962.63	4517.40
962.93	4580.67
963.23	4553.55
963.53	4655.24
963.83	4804.39
964.13	4919.64
964.42	4930.94
964.72	4797.61
965.02	4883.49
965.32	5062.01
965.62	5032.64
965.91	4919.64
966.21	4919.64
966.51	5175.01
966.81	5030.38
967.11	4912.87
967.40	4960.32
967.70	4815.69
968.00	4919.64
968.30	4915.12
968.60	4854.11
968.89	4788.57
969.19	4734.34
969.49	4698.18
969.79	4585.19
970.08	4601.01
970.38	4474.46
970.68	4329.83
970.98	4386.33
971.27	4194.24
971.57	4243.96
971.87	4164.86
972.16	4036.05
972.46	3984.08
972.76	3832.67
973.06	3787.47
973.35	3807.81
973.65	3527.59
973.95	3575.05
974.24	3495.95
974.54	3396.52
974.84	3387.48
975.13	3242.85
975.43	3111.78
975.73	3159.24
976.02	2967.15
976.32	3005.57
976.61	2940.04
976.91	2766.03
977.21	2838.34
977.50	2752.47
977.80	2666.60
978.10	2628.18
978.39	2460.95
978.69	2408.98
978.98	2347.96
979.28	2329.88
979.57	2320.84
979.87	2259.83
980.17	2302.76
980.46	2144.58
980.76	2212.37
981.05	2196.55
981.35	2076.78
981.64	2194.29
981.94	2119.72
982.23	2047.40
982.53	2149.10
982.83	2103.90
983.12	2178.47
983.42	2153.62
983.71	2164.91
984.01	2207.85
984.30	2108.42
984.60	2065.48
984.89	2250.79
985.19	2187.51
985.48	2112.94
985.77	2149.10
986.07	2110.68
986.36	2210.11
986.66	2146.84
986.95	2185.25
987.25	2160.40
987.54	2250.79
987.84	2149.10
988.13	2083.56
988.42	2230.45
988.72	2135.54
989.01	2246.27
989.31	2223.67
989.60	2262.09
989.89	2257.57
990.19	2182.99
990.48	2103.90
990.78	2192.03
991.07	2160.40
991.36	2124.24
991.66	2228.19
991.95	2237.23
992.24	2124.24
992.54	2142.32
992.83	2108.42
993.13	2121.98
993.42	2103.90
993.71	2094.86
994.01	2031.58
994.30	2137.80
994.59	2112.94
994.88	2015.77
995.18	2008.99
995.47	1909.55
995.76	1925.37
996.06	1950.23
996.35	1914.07
996.64	1871.14
996.93	1916.33
997.23	1850.80
997.52	1816.90
997.81	1796.56
998.11	1814.64
998.40	1798.82
998.69	1769.44
998.98	1613.52
999.27	1717.47
999.57	1692.61
999.86	1629.34
1000.15	1647.41
1000.44	1597.70
1000.74	1532.16
1001.03	1579.62
1001.32	1636.12
1001.61	1523.12
1001.90	1484.71
1002.19	1482.45
1002.49	1502.79
1002.78	1500.53
1003.07	1441.77
1003.36	1423.69
1003.65	1459.85
1003.94	1364.94
1004.24	1414.65
1004.53	1376.24
1004.82	1371.72
1005.11	1491.49
1005.40	1376.24
1005.69	1299.40
1005.98	1344.60
1006.27	1385.27
1006.56	1310.70
1006.86	1387.53
1007.15	1310.70
1007.44	1385.27
1007.73	1294.88
1008.02	1308.44
1008.31	1360.42
1008.60	1331.04
1008.89	1362.68
1009.18	1457.59
1009.47	1439.51
1009.76	1360.42
1010.05	1369.46
1010.34	1407.87
1010.63	1364.94
1010.92	1520.86
1011.21	1349.12
1011.50	1392.05
1011.79	1482.45
1012.08	1475.67
1012.37	1403.35
1012.66	1450.81
1012.95	1364.94
1013.24	1473.41
1013.53	1466.63
1013.82	1459.85
1014.11	1534.42
1014.40	1412.39
1014.69	1450.81
1014.98	1378.49
1015.27	1405.61
1015.56	1383.01
1015.85	1493.75
1016.14	1412.39
1016.43	1410.13
1016.72	1486.97
1017.00	1419.17
1017.29	1342.34
1017.58	1364.94
1017.87	1349.12
1018.16	1351.38
1018.45	1346.86
1018.74	1317.48
1019.03	1340.08
1019.32	1337.82
1019.60	1353.64
1019.89	1394.31
1020.18	1353.64
1020.47	1256.46
1020.76	1337.82
1021.05	1362.68
1021.33	1283.58
1021.62	1353.64
1021.91	1294.88
1022.20	1270.02
1022.49	1279.06
1022.77	1220.31
1023.06	1238.39
1023.35	1251.94
1023.64	1209.01
1023.93	1209.01
1024.21	1209.01

